18623	3600
18624	3603
18625	1088
18626	594
18628	3602
18629	3602
18645	3602
18646	3601
18647	3602
18648	3603
18649	3601
18650	3604
18651	3602
18652	3605
18654	3602
18655	3603
18656	3601
18657	3602
18658	3602
18659	3602
18660	3601
18661	3601
18662	3601
18663	3601
18664	3601
18665	3602
18666	3601
18667	3601
18668	1293
18669	1057
18670	3602
18671	3601
18672	3602
18673	3602
18674	3602
18675	3601
18676	3602
18677	3602
18678	3603
18679	3602
18680	3601
18681	3601
18682	3602
18683	3601
18684	3605
18685	3601
18686	3604
18687	3601
18688	3602
18689	3601
18690	3602
18691	3601
18692	3601
18693	3602
18694	3601
18695	3602
18696	3601
18697	3602
18698	3602
18699	3602
18700	2562
18701	2045
18702	3604
18703	3602
18707	995
18738	330
18752	3130
18761	1464
18762	2874
18763	3604
18764	3602
18765	3602
18766	3602
18767	3603
18768	3602
18769	3601
18770	3603
18771	3601
18772	3601
18773	3601
18774	3601
18775	2322
18776	3602
18777	3601
18778	3601
18779	3601
18780	3604
18781	3602
18782	3604
18783	2344
18803	3185
18804	2998
18805	1001
18806	247
18807	455
18808	2450
18809	2194
18810	1897
18811	1869
18812	1609
18813	531
18814	947
18815	1578
18816	1737
18817	1699
18818	1605
18819	1648
18820	1624
18821	1652
18822	1559
18823	1598
18824	1666
18825	1645
18826	1703
18827	1685
18828	1637
18829	1613
18830	1664
18831	1630
18832	1710
18833	1670
18834	1635
18835	1713
18836	1741
18837	1746
18838	1811
18844	685
18883	3601
18884	3603
18885	3602
18886	3602
18887	3602
18888	3601
18889	3604
18890	3602
18891	3603
18892	3602
18893	3602
18894	3601
18895	3602
18896	3601
18897	3602
18898	2083
18899	879
18900	3604
18901	3601
18902	3603
18903	3601
18904	3602
18905	3602
18906	3601
18907	3603
18908	3601
18909	3602
18910	3601
18911	3601
18912	3602
18913	3602
18914	3603
18915	3602
18916	3601
18917	3602
18918	2258
18920	3113
18921	3604
18922	3601
18923	3602
18924	3602
18925	3601
18926	3602
18927	3602
18928	3601
18929	3602
18930	3601
18931	3602
18932	3602
18933	3601
18934	3604
18935	3602
18936	3601
18937	3601
18938	3604
18939	1217
18940	2720
18941	3604
18942	3540
18943	3444
18944	3389
18945	3429
18946	3382
18947	3377
18948	3393
18949	3435
18950	3366
18951	3344
18952	3419
18953	3325
18954	3406
18955	3364
18956	3287
18957	3310
19240	3601
19264	3602
19265	3603
19266	3601
19267	1937
19268	3602
19269	3602
19270	3605
19271	3603
19272	3602
19273	3602
19274	3602
19275	3601
19276	3601
19277	3602
19278	3602
19279	3601
19280	2996
19304	3601
19305	3602
19306	1043
19307	3601
19308	3601
19309	3600
19310	3602
19311	3601
19312	3603
19313	3603
19314	3578
19315	3519
19316	3599
19317	3602
19318	2261
19320	3244
19321	3485
19322	3589
19323	3544
19324	3463
19325	3453
19326	3269
19327	3392
19328	3364
19329	3324
19330	3373
19331	3574
19332	3431
19333	3583
19334	3569
19335	3550
19336	3474
19337	3603
19338	3601
19339	3602
19340	3602
19341	3602
19342	3603
19343	3602
19344	3601
19345	3602
19346	2517
19347	3016
19348	3601
19349	3601
19350	3601
19351	3601
19352	3601
19353	3602
19354	1732
19355	3601
19356	3601
19357	3601
19358	3602
19359	3601
19360	3601
19361	3602
19362	3601
19363	3602
19364	3602
19365	3601
19366	3602
19367	3603
19368	3602
19369	3601
19370	3601
19371	3604
19372	3601
19373	3602
19374	3601
19375	3602
19376	3601
19377	3602
19378	3601
19379	3601
19380	3602
19381	3601
19382	3601
19383	3601
19384	3601
19385	1564
19386	397
19387	3600
19388	3603
19389	3602
19390	3601
19391	3602
19392	3601
19393	3603
19394	3601
19395	3602
19396	3602
19397	3602
19398	3601
19399	3603
19400	3604
19401	3601
19402	3601
19403	3601
19404	3602
19405	3602
19406	3603
19407	3601
19408	3603
19409	3601
19410	3601
19411	3602
19412	3601
19413	3602
19414	3601
19415	3602
19416	3604
19417	3602
19418	3604
19419	1216
19420	3601
19421	3603
19422	2117
19423	3601
19424	2170
19425	2269
19428	1939
19429	3604
19430	519
19436	3600
19437	3602
19438	3603
19439	3601
19440	3601
19441	3601
19442	3601
19443	3601
19444	3602
19445	3602
19481	3603
19482	3601
19483	3601
19484	3602
19485	3601
19486	3601
19487	3602
19488	3604
19489	3603
19490	1845
19491	3601
19492	3601
19493	3605
19494	3603
19495	3601
19496	3603
19502	28780
19503	3603
19504	3601
19505	3601
19506	3601
19507	3602
19508	3601
19509	3602
19510	3602
19511	3602
19512	3601
19513	3602
19514	3602
19515	3533
19613	3601
19614	3604
19615	3602
19616	3601
19617	3601
19618	3602
19619	2242
19620	3603
19621	3605
19622	3603
19623	3601
19624	3602
19625	3602
19626	3601
19627	3601
19628	3602
19629	3601
19630	3601
19631	3601
19632	3601
19633	3601
19634	3603
19635	3601
19636	3602
19637	3601
19638	3602
19639	3601
19640	3603
19641	3602
19642	3601
19643	3602
19644	3601
19645	3603
19646	3602
19647	3601
19648	3498
19649	3601
19650	3417
19651	3602
19652	3602
19653	3601
19654	3601
19655	3602
19656	3601
19657	3602
19658	3603
19659	3602
19660	3602
19661	3602
19662	3601
19663	3603
19664	3602
19665	3602
19666	3601
19667	3601
19668	3602
19669	3602
19670	3602
19671	3601
19672	3602
19673	3601
19674	3602
19675	3601
19676	3602
19677	3615
19678	1539
19696	1470
19697	780
19707	1348
19708	5549
19709	3605
19710	3603
19711	3602
19712	3601
19713	3602
19714	3602
19715	3604
19716	3601
19717	3601
19718	3602
19719	3603
19720	3601
19721	2532
19722	3588
19733	3602
19734	3602
19735	3601
19736	3601
19737	563
19738	3111
19739	3601
19740	3601
19741	3603
19742	3604
19743	3604
19744	3602
19745	3602
19746	3601
19747	2061
19771	3602
19772	3603
19773	3602
19775	3602
19776	3601
19777	3601
19778	3603
19779	3602
19780	3601
19781	3601
19782	3602
19783	3602
19784	3602
19785	3603
19786	3603
19787	3602
19788	853
19789	576
19790	1162
19791	1238
19792	1263
19793	1240
19794	1258
19795	1262
19796	583
19797	1245
19798	1275
19799	1286
19800	1300
19801	816
19806	3602
19832	3600
19833	3602
19834	3602
19835	3602
19836	3119
19837	3601
19838	3603
19839	3605
19840	3602
19841	3603
19842	3601
19843	3602
19844	3602
19845	3601
19846	3601
19847	3602
19848	3600
19849	3603
19850	3606
19851	3601
19852	3602
19853	3601
19854	3602
19855	3601
19856	3601
19857	3602
19858	3602
19859	3102
19860	3526
19862	3601
19863	3602
19864	3602
19865	3605
19866	3603
19867	3602
19868	3603
19869	3602
19870	3602
19871	3601
19872	3602
19873	3602
19874	3602
19875	3604
19876	3602
19877	3602
19878	3602
19879	3602
19880	3601
19881	3602
19882	3601
19883	3601
19884	3602
19885	3604
19886	3601
19887	3603
19888	3602
19889	3603
19890	3602
19891	2319
19892	2269
19893	3605
19894	3604
19895	3601
19896	3602
19897	3601
19898	3601
19899	3602
19901	3603
19902	3604
19903	3060
19904	3601
19905	3602
19906	3601
19907	3602
19968	3603
19969	3601
19970	3602
19971	3602
19972	3605
19973	3603
19974	3603
19975	3602
19976	3602
19977	1740
19978	2671
19979	3601
19980	3601
19981	3602
19982	3602
19983	3602
19984	3601
19985	3601
19986	3601
19987	3601
19988	3602
19989	3602
19990	3603
19991	3601
19992	3602
19993	3605
19994	3601
19995	3601
19996	3603
19997	3600
19998	3602
19999	1992
20020	3610
20021	3603
20022	3602
20023	3602
20024	3601
20025	3602
20026	332
20027	2727
20028	3601
20029	3602
20030	3601
20031	3603
20032	3601
20033	3601
20034	3602
20035	3602
20036	3601
20037	3603
20038	3601
20039	3603
20040	1210
20074	3605
20075	3602
20076	3601
20077	3322
20078	3602
20079	3602
20080	3602
20081	3602
20082	3602
20083	3602
20084	3601
20085	3602
20086	3603
20087	3603
20088	3601
20089	1734
20090	1488
20091	3603
20092	3603
20093	3602
20094	3601
20095	3601
20096	3604
20097	3601
20098	3602
20099	3601
20100	3601
20101	3601
20102	3602
20103	3602
20104	3601
20105	3602
20106	3601
20107	3602
20108	3602
20109	3601
20110	3603
20111	3604
20112	3603
20113	3605
20114	3603
20115	3604
20116	3602
20117	3601
20118	3601
20119	3606
20120	3605
20121	3605
20122	389
20123	1335
20124	2322
20125	2483
20126	2538
20127	2616
20128	2441
20129	2417
20130	1044
20132	3603
20133	3601
20134	1516
20136	3884
20137	3604
20138	3601
20139	3515
20140	4595
20141	3604
20142	3601
20143	3605
20144	3604
20145	3602
20146	3601
20147	3602
20148	3601
20149	3601
20150	3602
20151	3601
20152	3602
20153	3601
20154	3602
20155	3603
20156	3601
20157	3602
20158	3033
20159	3603
20160	3602
20161	3601
20162	3602
20163	3603
20164	3602
20165	3602
20166	3602
20167	3601
20168	3603
20169	3601
20170	3601
20171	3602
20172	3601
20173	3601
20174	3604
20175	3601
20176	3602
20177	3601
20178	3601
20179	3602
20180	3601
20181	3602
20182	3601
20183	3601
20184	3601
20185	3604
20186	3602
20187	3602
20188	3271
20189	1969
20190	3601
20191	3602
20192	3601
20193	3602
20194	3601
20195	3602
20196	3600
20197	3602
20198	3602
20199	2179
20218	3603
20219	3603
20220	3605
20221	3601
20222	3601
20223	3601
20224	3602
20225	3602
20226	3601
20227	3601
20228	3602
20229	3608
20230	3606
20231	3607
20232	3602
20233	3604
20234	3601
20235	3601
20236	3602
20237	3601
20239	1620
20240	3162
20241	3034
20242	3034
20243	497
20244	3601
20245	3603
20246	3601
20247	3602
20248	3602
20249	3602
20250	3602
20251	3601
20252	3604
20253	3604
20254	3602
20255	3602
20256	3604
20257	3602
20258	3602
20259	3601
20260	3602
20261	3602
20262	3602
20263	3602
20264	3603
20265	3601
20266	3603
20267	3601
20268	3602
20269	3602
20270	3602
20271	300
20272	1915
20273	3601
20274	3602
20275	3601
20276	3602
20277	3601
20278	3602
20279	3601
20280	3603
20281	3602
20282	3603
20283	3601
20284	3602
20285	3602
20286	924
20311	6992
20312	3603
20313	3602
20314	4610
20315	3602
20316	2940
20319	3445
20320	3408
20321	3447
20322	3469
20323	3432
20324	3390
20325	3294
20326	3267
20327	3282
20328	3329
20329	3368
20330	3418
20331	3355
20332	3380
20334	3608
20335	3028
20336	3011
20337	3027
20338	3102
20339	3182
20340	3280
20341	3372
20342	417
20343	3321
20344	3371
20345	3282
20346	2939
20347	2993
20348	3016
20349	3029
20350	2966
20351	2853
20352	2843
20353	2640
20354	2487
20355	2695
20356	2891
20357	2851
20358	2838
20359	2823
20360	2839
20361	2811
20362	2734
20363	2734
20364	2768
20365	2778
20366	2763
20367	2776
20368	2774
20369	2710
20370	2694
20371	2693
20372	2598
20373	2535
20374	2560
20375	2071
20377	3602
20378	3602
20379	2944
20380	240
20381	3479
20382	3471
20383	3448
20384	3477
20385	3445
20386	3453
20387	3488
20388	3493
20389	3482
20390	3160
20391	3050
20392	2864
20393	2690
20394	2616
20395	2594
20396	2441
20397	2784
20398	2862
20399	2807
20400	2865
20401	3036
20402	3090
20403	3150
20404	3145
20405	3182
20406	3153
20407	3193
20408	3183
20409	3201
20410	3188
20411	3174
20412	3170
20413	3165
20414	3116
20415	2817
20417	2065
20418	3099
20419	3078
20420	3112
20421	3187
20422	3186
20423	3126
20424	3161
20425	3156
20426	3164
20427	3147
20428	3181
20429	3181
20430	3217
20431	3217
20432	3202
20433	2931
20434	2786
20435	2709
20436	2767
20437	2830
20438	3031
20439	3131
20440	3146
20441	3150
20442	3119
20443	3061
20444	3074
20445	394
20483	1337
20484	1737
20485	2435
20486	1343
20487	1170
20489	3608
20490	784
20491	1594
20494	3603
20495	3604
20496	3602
20497	3602
20498	3602
20499	3603
20500	3601
20501	3603
20502	3604
20503	3602
20504	3601
20505	3601
20506	3602
20507	3601
20508	3601
20509	3252
20522	3603
20523	3602
20524	3602
20525	3601
20526	2881
20527	318
20528	3603
20529	3602
20530	3602
20531	3604
20532	3602
20533	3601
20534	3602
20535	3602
20536	2710
20537	3833
20611	1654
20612	1617
20613	1634
20614	1661
20615	1737
20616	1587
20617	1597
20618	1543
20619	1551
20620	1616
20621	1628
20622	1659
20623	1573
20624	1556
20625	1590
20626	1586
20627	1596
20628	777
20629	285
20635	185
20639	187
20643	193
20685	3601
20686	1535
20687	1931
20688	3601
20689	3601
20690	3528
20691	336
20755	2448
20756	1882
20758	3179
20759	3019
20760	3027
20761	2891
20762	2947
20763	2980
20764	2893
20765	2836
20766	2823
20767	2698
20768	2637
20769	2727
20770	2637
20771	2678
20772	2676
20773	2627
20774	2645
20775	2589
20776	2604
20777	2600
20778	2573
20779	2656
20780	2642
20781	2559
20782	2535
20783	2554
20784	2521
20785	2555
20786	2520
20787	2559
20788	2507
20789	2477
20790	2447
20791	2465
20792	2466
20793	2475
20794	2465
20795	1832
20797	2476
20798	2884
20799	2869
20800	2884
20801	2872
20802	2858
20803	2849
20804	2884
20805	2841
20806	2884
20807	2830
20808	2848
20809	2814
20810	2823
20811	2819
20812	2778
20813	2833
20814	2853
20815	2830
20816	2814
20817	2793
20818	2762
20819	2767
20820	2769
20821	2811
20822	2815
20823	2879
20824	2822
20825	2806
20826	2772
20827	2702
20828	2648
20829	2628
20830	2692
20831	2631
20832	2554
20833	2577
20834	2527
20835	2525
20836	2564
20837	2581
20838	2606
20839	355
20840	1615
20841	2885
20842	2832
20843	2868
20844	1711
20845	2878
20846	2885
20847	2867
20848	2778
20849	2733
20850	2702
20851	2653
20852	2713
20853	2620
20854	2579
20855	2529
20856	2642
20857	2745
20858	2836
20859	2861
20860	2831
20861	2837
20862	2887
20863	2823
20864	2705
20865	2753
20866	2714
20867	2683
20868	2737
20869	2693
20870	2717
20871	2759
20872	2865
20873	2884
20874	2859
20875	2892
20876	2179
20877	1533
20878	1741
20879	2904
20880	2895
20881	2901
20882	2099
20884	1584
20885	2626
20886	2635
20887	2617
20888	2599
20889	2666
20890	2730
20891	2751
20892	2786
20893	2791
20894	2753
20895	2756
20896	2745
20897	2751
20898	2772
20899	2835
20900	2882
20901	2878
20902	2881
20903	2808
20904	2709
20905	2556
20906	2578
20907	2613
20908	2541
20909	2580
20910	1779
20911	2577
20912	2587
20913	2811
20914	2807
20915	2795
20916	2743
20917	2718
20918	2639
20919	2689
20920	2623
20921	2613
20922	2556
20923	2505
20924	2484
20925	2517
20926	2490
20927	1934
20929	1355
20930	2287
20931	2309
20932	2335
20933	2426
20934	2475
20935	2448
20936	2440
20937	2334
20938	2273
20939	2161
20940	2202
20941	2075
20942	2039
20943	2012
20944	2088
20945	2185
20946	2154
20947	2200
20948	2056
20949	2064
20950	2097
20951	2070
20952	2082
20953	2118
20954	1827
20955	817
20956	795
20957	329
20964	1101
20965	1483
20966	2041
20967	2217
20968	2265
20969	2275
20970	2252
20971	2217
20972	2194
20973	2196
20974	2207
20975	2139
20976	2090
20977	2105
20978	2047
20979	2123
20980	2111
20981	2104
20982	1994
20983	1980
20984	2114
20985	2272
20986	2334
20987	2307
20988	2207
20989	2260
20990	2292
20991	2355
20992	2348
20993	2350
20994	2344
20995	2141
20996	2152
20997	2081
20998	2014
20999	2122
21000	2139
21001	2037
21002	1965
21003	1971
21004	1967
21005	1882
21006	2030
21007	2208
21008	2310
21009	2340
21010	2350
21011	2355
21012	2374
21014	1857
21015	2654
21016	2701
21017	2678
21018	2490
21019	2489
21020	2577
21021	2491
21022	2342
21023	2538
21024	2398
21025	2344
21026	2261
21027	2310
21028	2484
21029	2681
21030	2688
21031	2702
21032	2746
21033	2761
21034	2739
21035	2730
21036	2654
21037	2619
21038	2573
21039	2527
21040	2524
21041	2476
21042	2506
21043	2659
21044	2667
21045	2647
21046	2640
21047	2660
21048	2672
21049	2679
21050	2692
21051	2751
21052	2733
21053	2676
21054	2659
21055	2594
21056	2623
21057	2668
21058	1204
21060	2499
21061	2485
21062	2528
21063	2649
21064	2601
21065	2587
21066	2539
21067	2534
21068	2491
21069	2464
21070	2455
21071	2416
21072	2280
21073	2229
21074	2204
21075	2015
21076	2304
21077	2373
21078	2283
21079	2279
21080	2385
21081	2594
21082	2606
21083	2675
21084	2695
21085	2706
21086	2717
21087	2733
21088	2739
21089	2741
21090	2690
21091	2694
21092	2712
21093	2722
21094	2721
21095	2787
21096	2719
21097	2708
21098	2682
21099	2633
21100	2628
21101	2605
21102	2612
21103	2615
21104	1190
21106	2548
21107	2819
21108	2806
21109	2793
21110	2854
21111	2807
21112	2800
21113	2783
21114	2695
21115	2661
21116	2620
21117	2449
21118	2441
21119	2213
21120	2238
21121	2155
21122	2257
21123	2517
21124	2855
21125	2903
21126	2941
21127	2930
21128	2977
21129	2944
21130	2964
21131	2944
21132	2898
21133	2576
21134	1189
21135	991
21136	354
21148	2650
21149	2486
21150	346
21157	2444
21158	1620
21159	1620
21160	1533
21161	1575
21162	2054
21163	1906
21164	2100
21165	1624
21166	189
21167	1755
21169	3489
21170	3520
21171	3509
21172	3513
21173	3561
21174	3570
21175	3550
21176	3602
21177	3603
21178	3203
21201	245
21217	305
21218	4368
21219	3603
21220	3164
21221	4243
21222	3604
21223	3602
21224	3602
21225	3601
21226	3601
21227	3602
21228	3601
21229	1274
21230	3770
21231	3603
21232	3602
21233	3607
21234	3602
21235	2505
21236	2444
21237	3602
21238	3602
21239	3603
21240	3601
21241	805
21242	2397
21243	3602
21244	3602
21245	3602
21246	3601
21247	3601
21248	3414
21249	3337
21250	3234
21251	3151
21252	3111
21253	3123
21254	3101
21255	3071
21256	3062
21257	3032
21258	3006
21259	2988
21260	2997
21261	2985
21262	3001
21263	2998
21264	2906
21265	2935
21266	2923
21267	2903
21268	2931
21269	2934
21270	2928
21271	2943
21272	2940
21273	2927
21274	2915
21275	2906
21276	2907
21277	2908
21278	2153
21280	881
21281	701
21282	664
21283	663
21284	664
21285	721
21286	680
21287	670
21288	669
21289	673
21290	669
21291	662
21292	660
21293	664
21294	667
21295	666
21296	668
21297	654
21298	657
21299	461
21300	4824
21301	3603
21302	3605
21303	3602
21304	3602
21305	3603
21306	3602
21307	3602
21308	3601
21309	3602
21310	3603
21311	3604
21312	3605
21313	3601
21314	3602
21315	3601
21316	3602
21317	3602
21318	3604
21319	3602
21320	3602
21321	3602
21322	3602
21323	3605
21324	3601
21325	3601
21326	3602
21327	2873
21328	2072
21329	3602
21330	3603
21331	3601
21332	3602
21333	3602
21334	3602
21335	3605
21336	3604
21337	3602
21338	3602
21339	3602
21340	3605
21341	3602
21342	3602
21343	3601
21344	3601
21345	3602
21346	3601
21347	3602
21348	3602
21349	3602
21350	3603
21351	3602
21352	3601
21353	3602
21354	3604
21355	3602
21356	3601
21357	3601
21358	3606
21359	3605
21360	337
21361	3602
21362	3602
21363	3602
21364	3602
21365	3602
21366	3601
21367	3601
21368	3602
21369	3601
21370	3601
21371	3603
21372	3601
21373	3602
21374	3602
21375	1519
21376	1308
21377	3602
21378	3601
21379	3607
21380	3605
21381	3602
21382	3602
21383	3601
21384	3602
21385	3601
21386	3603
21387	3601
21388	3602
21389	3604
21390	3602
21391	3602
21392	3601
21393	3602
21394	3601
21395	3601
21396	3601
21397	3602
21398	3602
21399	3601
21400	3602
21401	3601
21402	3601
21403	3602
21404	3602
21405	3601
21406	3602
21407	3601
21408	1476
21409	3604
21410	3604
21411	3601
21412	3601
21413	3602
21414	3601
21415	3601
21416	3603
21417	3603
21418	3602
21419	3602
21420	3602
21421	3603
21422	3601
21423	3601
21424	3603
21425	3601
21426	3602
21427	3602
21428	3601
21429	3603
21430	3602
21431	3601
21432	3602
21433	3603
21434	3601
21435	2654
21452	3604
21453	3048
21469	3601
21470	3604
21471	3603
21472	3601
21473	3602
21474	3601
21475	3603
21476	3601
21477	3601
21478	3602
21479	3601
21480	3601
21481	3602
21482	3602
21483	3602
21484	3601
21485	3603
21486	3601
21487	3602
21488	3601
21489	3601
21490	3602
21491	3601
21492	3602
21493	3601
21494	3602
21495	3601
21496	3601
21497	3601
21498	2950
21499	3602
21500	3601
21501	3602
21502	3605
21503	3602
21504	3601
21505	3604
21506	3602
21507	3601
21508	3601
21509	3604
21510	3601
21511	3602
21512	3602
21513	3601
21514	3602
21515	3602
21516	3601
21517	3601
21518	3604
21519	3602
21520	3601
21521	3604
21522	3602
21523	3601
21524	3602
21525	3601
21526	3602
21527	3601
21528	3601
21529	3603
21530	1474
21531	3124
21532	3601
21533	3601
21534	3605
21535	3601
21536	3602
21537	3601
21538	3601
21539	3601
21540	3602
21541	3602
21542	3602
21543	3601
21544	3601
21545	3602
21546	3602
21547	3601
21548	3602
21549	3602
21550	3601
21551	3601
21552	3605
21553	3603
21554	3602
21555	3602
21556	3602
21557	3601
21558	3602
21559	3602
21560	3602
21561	3601
21562	1281
21563	3602
21564	3601
21565	3601
21566	3602
21567	577
21568	3601
21569	3603
21570	3603
21571	3603
21572	3603
21573	3601
21574	3602
21575	3601
21576	3603
21577	3605
21578	3604
21579	3605
21580	3601
21581	3601
21582	3602
21583	3602
21584	3602
21585	3602
21587	1448
21595	2397
21596	1908
21597	3605
21598	3602
21599	3605
21600	3601
21601	3603
21602	3605
21603	3602
21604	3602
21605	3603
21606	3602
21607	3601
21608	3602
21609	2657
21610	2752
21611	3604
21612	3602
21613	3601
21614	1305
21617	3602
21618	3419
21622	3605
21623	3603
21624	3602
21625	3602
21626	3601
21627	3601
21628	2933
21630	1328
21631	1022
21632	1056
21633	956
21634	892
21635	879
21636	916
21637	902
21638	867
21639	856
21640	886
21641	872
21642	871
21643	850
21644	852
21645	864
21646	844
21647	828
21648	839
21649	831
21650	831
21651	815
21652	825
21653	805
21654	795
21655	799
21656	786
21657	785
21658	791
21659	797
21660	785
21661	779
21662	781
21663	815
21664	787
21665	768
21666	768
21667	803
21668	793
21669	759
21670	767
21671	727
21672	697
21673	741
21674	666
21691	3604
21692	2418
21694	3037
21695	4659
21696	3604
21697	3601
21698	3602
21699	3601
21700	3602
21701	3603
21702	3603
21703	3604
21704	3603
21705	3419
21747	3601
21748	3604
21749	3602
21750	3601
21751	3601
21752	3601
21753	3602
21754	3602
21755	3601
21756	3602
21757	3602
21758	3602
21759	3602
21760	3601
21761	3601
21762	3602
21763	3602
21764	3604
21765	2877
21766	3921
21767	3603
21768	1866
21769	313
21770	361
21771	207
21772	208
21773	209
21774	214
21775	212
21776	223
21778	267
21779	463
21780	618
21781	3602
21782	3601
21783	3604
21784	3602
21785	3602
21786	2504
21787	3606
21788	3601
21789	3602
21790	3602
21791	3602
21792	3602
21793	3602
21794	3602
21795	3602
21796	3602
21797	3601
21798	3602
21799	3606
21800	3387
21833	3602
21834	3603
21835	3604
21836	3601
21837	3601
21839	3600
21840	3602
21841	3602
21842	3604
21843	3605
21844	3602
21845	3603
21846	1809
21847	3602
21848	3602
21849	3603
21850	2472
21851	3601
21852	3602
21853	1137
21856	3602
21857	3606
21862	9374
21863	3602
21864	3602
21865	3602
21866	3601
21867	3601
21868	3602
21869	3601
21870	3601
21871	3605
21872	3602
21873	3601
21874	3602
21875	3601
21876	3602
21877	3602
21878	3601
21879	1108
21891	3601
21892	3599
21893	802
21894	3684
21895	3602
21896	3601
21897	3602
21898	3601
21899	3602
21900	3602
21901	3601
21902	3602
21903	3601
21904	3601
21905	3602
21906	3601
21907	3602
21908	299
21921	3603
21922	3602
21923	1802
21924	4152
21925	3602
21926	3605
21927	3601
21928	3601
21929	3601
21930	3602
21931	3605
21932	3602
21933	3602
21934	3602
21935	3602
21936	3603
21937	3049
21940	1801
21953	3604
21954	3603
21955	3601
21956	3602
21957	3602
21958	3601
21959	3602
21960	3601
21961	3602
21962	3604
21963	3603
21964	3601
21965	3602
21966	3601
21967	3603
21968	2596
22001	3600
22002	3602
22003	3603
22004	3601
22005	3601
22006	3602
22007	3601
22008	3602
22009	3601
22010	3602
22011	3602
22012	3601
22013	3606
22014	3610
22015	3604
22016	3601
22017	3604
22018	3601
22019	3601
22020	3601
22021	3602
22022	3601
22023	3601
22024	3601
22025	3602
22026	3601
22027	3602
22028	3601
22029	1227
22030	3601
22031	3601
22032	3602
22033	3601
22034	3601
22035	3601
22036	3602
22037	3602
22038	3605
22039	3605
22040	3602
22041	3602
22042	3601
22043	3602
22044	3602
22045	3602
22046	3602
22047	3601
22048	3601
22049	3601
22050	3602
22051	3602
22052	3601
22053	3602
22054	3602
22055	3602
22056	3601
22057	3601
22058	3602
22059	3602
22060	3244
22061	3602
22062	3603
22063	3602
22064	3602
22065	3601
22066	3601
22067	3602
22068	3602
22069	3602
22070	3605
22071	3603
22072	3602
22073	3602
22074	3601
22075	3602
22076	3601
22077	3602
22078	3602
22079	3601
22080	3602
22081	3601
22082	3601
22083	3602
22084	3602
22085	3602
22086	3603
22087	3604
22088	3602
22089	3601
22090	3601
22091	3601
22092	3601
22093	3603
22094	3602
22095	1468
22097	5259
22098	3603
22099	3603
22100	2318
22102	3602
22103	3110
22104	3748
22105	3696
22106	3603
22107	3602
22108	3605
22109	3602
22110	3601
22111	3602
22112	3602
22113	3602
22114	3602
22115	3601
22116	3602
22117	3601
22118	3603
22119	610
22120	3601
22121	3604
22122	3602
22127	3602
22128	3603
22129	3601
22130	3592
22131	3601
22132	3602
22133	3601
22134	3601
22135	3602
22136	3602
22137	3602
22138	3601
22139	3601
22140	3602
22141	3601
22142	3575
22147	3600
22148	3603
22149	3604
22150	3603
22151	3604
22152	3603
22153	3602
22154	4217
22155	3603
22156	3602
22157	3601
22158	3603
22159	3601
22160	3602
22161	3603
22162	1403
22163	1219
22164	3602
22165	3602
22166	3601
22167	3602
22168	3604
22169	3604
22170	3602
22171	2581
22173	3604
22174	3394
22175	2744
22176	1244
22180	6914
22181	3905
22182	3603
22183	3602
22184	3601
22185	3602
22186	3601
22187	3602
22188	3601
22189	3607
22190	3605
22191	3603
22192	3601
22193	3601
22194	3603
22195	3602
22196	3601
22197	460
22198	1605
22199	1326
22200	3720
22201	3603
22202	3602
22203	833
22204	3779
22205	3604
22206	3602
22207	3601
22208	3602
22209	3601
22210	3602
22211	3601
22212	3602
22213	3601
22214	3602
22215	3602
22216	3604
22217	973
22218	3607
22219	3608
22220	3604
22221	3602
22222	3601
22223	3602
22224	3602
22225	3602
22226	3602
22227	3600
22228	3603
22229	3601
22230	3602
22231	1161
22232	2022
22233	3602
22234	3601
22235	3602
22236	3601
22237	3601
22238	3601
22239	3601
22240	3602
22241	3604
22242	3607
22243	3603
22244	3602
22245	3603
22246	3602
22247	3603
22248	3601
22249	3602
22250	632
22266	1503
22267	3720
22268	3603
22269	1867
22270	3602
22271	3601
22272	3601
22273	3603
22274	3603
22275	3602
22276	3602
22277	3604
22278	3602
22279	3601
22280	2509
22304	1161
22316	3602
22317	3602
22318	3602
22319	3602
22320	3602
22321	3601
22322	3602
22323	3602
22324	3602
22325	3601
22326	3602
22327	3601
22328	3602
22329	3602
22330	3601
22331	3602
22332	3602
22333	2086
22340	3602
22341	3602
22342	3602
22343	3602
22344	3601
22345	3602
22346	3601
22347	3602
22348	3602
22349	3601
22350	3602
22351	3602
22352	3601
22353	3602
22354	3602
22355	3602
22356	1373
22369	3602
22370	3602
22371	3602
22372	3601
22373	193
22374	3700
22375	3602
22376	3602
22377	3601
22378	3601
22379	3602
22380	3601
22381	3602
22382	3602
22383	3601
22384	3602
22385	3601
22386	3602
22387	3601
22388	3602
22389	3602
22390	3602
22391	3601
22392	3602
22400	3602
22401	3601
22402	3602
22403	3601
22404	3602
22405	3601
22406	1255
22407	3602
22408	3601
22409	3602
22410	3601
22411	3602
22412	3602
22413	3601
22414	3602
22415	3601
22416	3602
22417	3601
22418	3602
22419	3602
22420	3601
22421	3602
22422	3601
22423	3602
22424	3601
22425	3602
22426	3601
22427	3602
22428	2319
22430	3601
22431	3602
22432	3601
22433	3602
22434	3602
22435	3601
22436	3602
22437	3601
22438	3602
22439	3601
22440	3602
22441	3601
22442	3602
22443	3601
22444	1148
22445	3601
22446	3602
22447	3601
22448	3602
22449	3601
22450	3602
22451	3601
22452	3602
22453	3601
22454	3602
22455	3601
22456	3602
22457	3602
22458	3601
22459	3603
22460	3602
22461	806
22462	2449
22463	3602
22464	3601
22465	3602
22466	3602
22467	3601
22468	3602
22469	3601
22470	3602
22471	3601
22472	3602
22473	3601
22474	3602
22475	3602
22476	3601
22477	3602
22478	3601
22479	3602
22480	2156
22481	3601
22482	3602
22483	3602
22484	3601
22485	3602
22486	3601
22487	3602
22488	2318
22490	3602
22491	3601
22492	3602
22493	2630
22494	1127
22495	3602
22496	3601
22497	3602
22498	3601
22499	3602
22500	3601
22501	3602
22502	3601
22503	3602
22504	3601
22505	3602
22506	3602
22507	3601
22508	3602
22509	3601
22510	3602
22511	3601
22512	408
22636	508
22637	2652
22638	3601
22639	3602
22640	3602
22641	3601
22642	3602
22643	3601
22644	3602
22645	3373
22646	3485
22647	3602
22648	3602
22649	3602
22650	1088
22652	3601
22653	3602
22655	3602
22656	3601
22657	3602
22658	3602
22659	3601
22660	3602
22661	3601
22662	3602
22663	3601
22664	3602
22665	3601
22666	3532
22667	1757
22668	3189
22669	3602
22670	3601
22673	3602
22674	2991
22678	3601
22679	3602
22680	3160
22681	3602
22682	3602
22683	3602
22684	3601
22685	3602
22686	3602
22687	3601
22688	3602
22689	3601
22690	3602
22691	3601
22692	3602
22693	3601
22694	3602
22695	3602
22696	3601
22697	3602
22698	3601
22699	3603
22700	3602
22701	3601
22702	3602
22703	3601
22704	3601
22705	3602
22706	3601
22707	3602
22708	3602
22709	3601
22710	2909
22711	344
22712	3601
22713	3602
22714	3601
22715	3602
22716	3601
22717	3602
22718	3601
22719	3602
22720	3601
22721	3602
22722	3601
22723	3602
22724	3601
22725	3602
22726	3601
22727	3604
22728	3602
22729	3601
22730	3602
22731	3601
22732	3602
22733	3601
22734	3602
22735	3601
22736	3602
22737	3601
22738	2740
22739	2734
22740	3601
22741	3602
22742	3526
22744	3602
22745	3601
22746	3602
22747	3601
22748	3602
22749	3601
22750	1821
22753	3602
22754	3602
22755	3601
22760	3987
22761	3601
22762	3602
22763	3602
22765	3752
22766	3602
22767	3601
22768	3602
22769	3601
22770	3602
22771	3601
22772	3602
22773	3601
22774	3602
22775	3601
22776	3602
22777	2140
22814	3867
22815	2505
22817	2335
22818	3837
22819	3601
22820	3602
22821	3601
22822	3602
22823	3602
22824	3389
22825	1648
22826	3602
22827	3601
22828	3602
22829	3602
22830	3601
22831	3602
22832	3601
22833	3135
22834	1369
22838	533
22840	1914
22853	2402
22867	3346
22876	3636
22877	3602
22878	3602
22879	3602
22880	3601
22881	3602
22882	3601
22883	3602
22884	3601
22885	3602
22886	3601
22887	3602
22888	3601
22889	3602
22890	3601
22891	3602
22892	3602
22893	3601
22894	3602
22895	3601
22896	3602
22897	2884
22898	1822
22899	3602
22900	1183
22901	3601
22902	1860
22903	3680
22904	3602
22905	3602
22906	3602
22907	3601
22908	3602
22909	3602
22910	3602
22911	3601
22912	3602
22913	3601
22914	3602
22915	3601
22916	3602
22917	3602
22918	3601
22919	3603
22920	3601
22921	3602
22922	3602
22923	3601
22924	3602
22925	3601
22926	3602
22927	3602
22928	3602
22929	3602
22930	3602
22931	3601
22932	466
22933	2301
22934	3602
22935	3602
22936	3601
22937	3602
22938	3602
22939	1679
22940	3602
22941	3602
22942	3602
22943	3601
22944	3602
22945	3602
22946	328
22952	1979
22954	412
22959	3987
22960	3602
22961	3602
22962	3602
22963	3601
22964	3602
22965	3601
22966	3602
22967	3602
22968	3601
22969	3602
22970	3602
22971	3602
22972	3601
22973	3602
22974	3602
22975	3602
22976	3601
22977	979
22978	3601
22979	3602
22980	3602
22981	3602
22982	3004
22984	3695
22985	3601
22986	3601
22993	3601
22994	3602
22995	3601
22996	3602
22997	3602
23085	2175
23086	3602
23087	3601
23088	3602
23089	3601
23090	3602
23091	3601
23092	3602
23093	3601
23094	3602
23095	3601
23096	3602
23097	3146
23098	3602
23099	3601
23100	3602
23101	1527
23111	3602
23112	3602
23113	3601
23114	3602
23115	3601
23116	3602
23117	3602
23118	3601
23119	3602
23120	3602
23121	3601
23122	3602
23123	3601
23124	2719
23125	3602
23126	3602
23127	3601
23128	3602
23129	3384
23130	3602
23131	3602
23132	3601
23133	3602
23134	3601
23135	3602
23136	3602
23137	3601
23138	3602
23139	3602
23140	3601
23141	3602
23142	3602
23143	3601
23144	3602
23145	3601
23146	3602
23147	3602
23148	3601
23149	3602
23150	3601
23151	3602
23152	3602
23153	3601
23154	3602
23155	3602
23156	3602
23157	3601
23158	3602
23159	3601
23160	2967
23161	755
23162	3601
23163	3602
23164	3602
23165	3601
23166	3602
23167	3601
23168	3602
23169	3602
23170	3601
23171	3602
23172	3602
23173	3601
23174	3602
23175	1480
23211	3601
23212	1899
23218	4729
23219	3601
23220	3602
23221	3602
23222	3601
23223	3601
23224	3602
23225	3602
23226	1725
23227	3601
23228	3602
23229	3601
23230	3602
23231	3602
23232	2301
23246	3602
23247	3602
23248	3601
23249	3602
23250	3602
23251	3601
23252	3602
23253	3601
23254	3602
23255	3601
23256	3602
23257	3601
23258	3602
23259	3601
23260	3602
23262	699
23282	3602
23283	3602
23284	3602
23285	3602
23286	3601
23287	3602
23288	3602
23289	2188
23290	3602
23291	3601
23292	3602
23293	3602
23294	3601
23295	3602
23296	3602
23297	3601
23298	3602
23299	578
23300	1300
23301	3602
23302	3602
23303	3602
23304	3602
23305	3602
23306	979
23308	3602
23309	3602
23310	3602
23311	3602
23312	3601
23313	3602
23314	3602
23315	3602
23316	3601
23317	3602
23318	3602
23319	3601
23320	3602
23321	3602
23322	3601
23323	3602
23324	3602
23325	3602
23326	3601
23327	3602
23328	3602
23329	3602
23330	3602
23331	903
23332	1117
23333	763
23334	1010
23338	3041
23339	2856
23340	3601
23341	3602
23342	3602
23343	3601
23344	3602
23345	3602
23346	3498
23347	3602
23348	3602
23349	3602
23350	3601
23351	3602
23352	3602
23353	3602
23354	3601
23355	3602
23356	3601
23357	3602
23358	3602
23359	3601
23360	3602
23361	3602
23362	3601
23363	3602
23364	3602
23365	3601
23366	3602
23367	3601
23368	3602
23369	3602
23370	3602
23372	3602
23373	3601
23374	3602
23375	3602
23376	3601
23377	3602
23378	3602
23379	3601
23380	3602
23381	3602
23382	3430
23383	3601
23384	3602
23385	3602
23386	3602
23387	3601
23388	3602
23389	3602
23390	3601
23391	3602
23392	3602
23393	3601
23394	3602
23395	3601
23396	3602
23397	3602
23398	3601
23399	3602
23400	3602
23401	3601
23402	3602
23403	1618
23404	3602
23405	3602
23406	3601
23407	3602
23408	3602
23409	3601
23410	3602
23411	3602
23412	3601
23413	3602
23414	3602
23415	3601
23416	3602
23417	3602
23418	3601
23419	3602
23420	3602
23421	3602
23422	3601
23423	3602
23424	3602
23425	3601
23426	3602
23427	3602
23428	3602
23429	3601
23430	3602
23431	3603
23432	3602
23433	3602
23440	4190
23441	3601
23442	3602
23443	3602
23444	3601
23445	3602
23446	3601
23447	3602
23448	3601
23449	3602
23450	3601
23451	3602
23452	3601
23453	3602
23454	3602
23455	3601
23456	3602
23457	3602
23458	2364
23461	3601
23462	2635
23469	3971
23470	3601
23471	3602
23472	3602
23473	3057
23474	3602
23475	3601
23476	3602
23477	3601
23478	3602
23479	3601
23480	1281
23511	3602
23512	636
23513	1859
23520	3601
23521	3546
23525	3602
23526	3601
23527	3602
23528	3602
23529	3601
23530	3602
23531	3602
23532	3601
23533	3602
23534	3601
23535	3602
23536	3601
23537	3599
23538	3601
23539	3602
23540	3601
23541	3602
23542	765
23548	3911
23551	3602
23552	3601
23553	3602
23554	3602
23555	3601
23556	3602
23557	3601
23558	3602
23559	3601
23560	3602
23561	3601
23562	3602
23563	3601
23564	3602
23565	3601
23566	3601
23567	3602
23568	3601
23569	3602
23570	3601
23571	2429
23572	3601
23573	3488
23574	3601
23575	3602
23576	3602
23577	3601
23578	3601
23579	3602
23580	3601
23581	3602
23582	3602
23583	3601
23584	3602
23585	3601
23586	3602
23587	3601
23588	3602
23589	3601
23590	3602
23591	3601
23592	3602
23593	3601
23594	3602
23595	3601
23596	3602
23597	3601
23598	3602
23599	3601
23600	3602
23601	3601
23602	3602
23603	3601
23604	3602
23605	3601
23606	3602
23607	3602
23608	3601
23609	3602
23610	3601
23611	3602
23612	3601
23613	3602
23614	3601
23615	3602
23616	3601
23617	3602
23618	3601
23619	3602
23620	3602
23621	3601
23622	3602
23623	3602
23624	3601
23625	3602
23626	3602
23627	3601
23628	3602
23629	3602
23630	3601
23631	3602
23632	3601
23633	3602
23634	3601
23635	1272
23636	3601
23637	3602
23638	3601
23639	3602
23640	3601
23641	3602
23642	241
23645	3602
23646	3602
23647	3602
23648	3602
23649	3601
23650	3602
23651	3601
23652	3602
23653	3601
23654	3602
23655	3601
23656	3602
23657	3601
23658	3602
23659	3602
23660	3601
23661	3602
23662	3601
23663	3602
23664	3601
23665	3602
23666	3602
23667	3602
23668	1773
23675	3602
23676	3601
23677	3602
23678	3601
23679	3602
23680	3603
23681	3601
23682	3602
23683	3601
23684	3602
23685	3601
23686	3602
23687	3602
23688	3602
23689	3601
23690	3602
23704	2680
23705	241
23706	282
23707	199
23708	202
23709	199
23710	198
23711	199
23712	196
23713	181
23714	186
23715	184
23718	186
23719	193
23721	181
23725	3877
23726	3601
23727	3602
23728	3602
23729	3601
23730	3602
23731	3601
23732	3602
23733	3601
23734	3602
23735	3602
23736	3601
23737	3602
23738	3601
23739	3602
23740	3601
23741	3602
23742	3601
23743	3602
23744	3602
23745	3601
23746	3602
23747	3602
23748	3601
23749	3602
23750	3601
23751	3602
23752	3602
23753	3601
23754	3602
23755	3601
23756	3602
23757	3601
23758	3602
23759	3602
23760	3601
23761	3602
23762	3601
23763	3602
23764	3602
23765	3601
23766	3602
23767	3601
23768	3602
23769	3601
23770	3601
23771	3602
23772	3601
23773	3602
23774	3601
23775	3602
23776	3601
23777	3602
23778	3602
23779	3601
23780	3602
23781	3602
23782	3601
23783	3602
23784	3601
23785	734
23786	3041
23787	3601
23788	3602
23789	3601
23790	3602
23791	3601
23792	3602
23793	3601
23794	3602
23795	3602
23796	3601
23797	3602
23798	3601
23799	3602
23800	3601
23801	3602
23802	3601
23803	3602
23804	3601
23805	3602
23806	3602
23807	3601
23808	3602
23809	3601
23810	3602
23811	3601
23812	3602
23813	3601
23814	3602
23815	1689
23816	3602
23817	3601
23818	1275
23819	3602
23820	3602
23821	3601
23822	3601
23823	3602
23824	3602
23825	3601
23826	3602
23827	3601
23828	3602
23829	3601
23830	3602
23831	3602
23832	3601
23833	3602
23834	3601
23835	3602
23836	3601
23837	3602
23838	3601
23839	3602
23840	3602
23841	3602
23842	3601
23843	3602
23844	3602
23845	3601
23846	3602
23847	3601
23848	3602
23849	3117
23851	3601
23852	3602
23853	3601
23854	3602
23855	3601
23856	3602
23857	3601
23858	3602
23859	3601
23860	3602
23861	3601
23862	3602
23863	3602
23864	3601
23865	3602
23866	3601
23867	2804
23869	3602
23870	3602
23871	3601
23872	3602
23873	3602
23874	3601
23875	3602
23876	3601
23877	3602
23878	3602
23879	3601
23880	3602
23881	1590
23939	4456
23940	569
23942	6762
23943	3601
23944	3602
23945	3602
23946	3601
23947	3602
23948	3602
23949	3601
23950	3602
23951	3602
23952	3601
23953	3602
23954	3601
23955	3602
23956	3602
23957	3601
23958	3341