18623	3600.051
18624	3600.061
18625	1084.344
18626	429.4206
18628	3600.051
18629	3600.052
18645	3600.051
18646	3600.054
18647	3600.052
18648	3600.052
18649	3600.053
18650	3602.113
18651	3600.054
18652	3600.052
18654	3601.589
18655	3600.052
18656	3600.052
18657	3600.26
18658	3600.052
18659	3600.052
18660	3600.052
18661	3600.052
18662	3600.129
18663	3600.052
18664	3600.053
18665	3600.488
18666	3600.053
18667	3600.052
18668	1290.021
18669	1056.017
18670	3600.052
18671	3600.052
18672	3600.093
18673	3600.052
18674	3600.053
18675	3600.052
18676	3600.053
18677	3600.052
18678	3600.052
18679	3600.052
18680	3600.052
18681	3600.052
18682	3600.946
18683	3600.053
18684	3602.215
18685	3600.052
18686	3602.698
18687	3600.053
18688	3600.697
18689	3600.053
18690	3600.054
18691	3600.052
18692	3600.052
18693	3600.427
18694	3600.052
18695	3600.052
18696	3600.052
18697	3600.052
18698	3601.423
18699	3600.839
18700	2560.256
18701	2043.252
18702	3602.12
18703	3600.052
18707	993.0189
18738	329.0071
18752	3094.421
18761	1461.272
18762	2870.041
18763	3600.051
18764	3600.928
18765	3600.053
18766	3600.051
18767	3600.052
18768	3600.85
18769	3600.052
18770	3600.738
18771	3600.052
18772	3600.052
18773	3600.052
18774	3600.053
18775	2321.035
18776	3600.052
18777	3600.052
18778	3600.052
18779	3600.053
18780	3602.643
18781	3600.889
18782	3600.704
18783	2342.035
18803	3183.058
18804	2997.051
18805	1000.017
18806	245.2836
18807	454.0085
18808	2448.926
18809	2191.033
18810	1895.46
18811	1867.029
18812	1606.025
18813	529.7805
18814	945.922
18815	1575.025
18816	1735.029
18817	1697.966
18818	1602.602
18819	1646.026
18820	1622.025
18821	1650.004
18822	1556.025
18823	1595.025
18824	1664.026
18825	1643.026
18826	1699.026
18827	1681.922
18828	1635.025
18829	1611.026
18830	1661.027
18831	1628.079
18832	1708.033
18833	1668.026
18834	1633.026
18835	1711.088
18836	1737.027
18837	1743.026
18838	1807.028
18844	681.0125
18883	3600.052
18884	3600.052
18885	3600.053
18886	3600.51
18887	3600.052
18888	3600.053
18889	3600.052
18890	3600.052
18891	3600.053
18892	3600.052
18893	3600.052
18894	3600.052
18895	3600.052
18896	3600.052
18897	3600.053
18898	2078.136
18899	876.0145
18900	3601.108
18901	3600.053
18902	3601.286
18903	3600.053
18904	3600.052
18905	3601.111
18906	3600.052
18907	3601.37
18908	3600.053
18909	3600.052
18910	3600.052
18911	3600.052
18912	3600.675
18913	3600.89
18914	3600.052
18915	3600.052
18916	3600.054
18917	3600.053
18918	2255.942
18920	3110.046
18921	3601.802
18922	3600.053
18923	3600.052
18924	3600.052
18925	3600.052
18926	3600.052
18927	3600.082
18928	3600.052
18929	3600.052
18930	3600.055
18931	3601.648
18932	3600.052
18933	3600.055
18934	3602.346
18935	3600.44
18936	3600.052
18937	3600.052
18938	3602.71
18939	1214.019
18940	2719.04
18941	3602.642
18942	3538.69
18943	3442.05
18944	3386.634
18945	3426.05
18946	3379.175
18947	3375.05
18948	3390.05
18949	3433.704
18950	3365.049
18951	3343.049
18952	3417.05
18953	3323.048
18954	3404.05
18955	3362.05
18956	3285.049
18957	3309.048
19240	3600.051
19264	3600.052
19265	3600.052
19266	3600.054
19267	1935.14
19268	3600.052
19269	3600.054
19270	3600.052
19271	3600.052
19272	3600.052
19273	3600.052
19274	3600.052
19275	3600.053
19276	3600.052
19277	3600.052
19278	3600.052
19279	3600.052
19280	2994.071
19304	3600.68
19305	3600.052
19306	1041.017
19307	3600.052
19308	3600.052
19309	3600.052
19310	3600.052
19311	3600.052
19312	3600.052
19313	3600.055
19314	3575.052
19315	3515.051
19316	3596.052
19317	3600.052
19318	2259.034
19320	3242.047
19321	3481.051
19322	3587.052
19323	3542.052
19324	3461.051
19325	3451.05
19326	3267.049
19327	3391.049
19328	3362.051
19329	3320.049
19330	3370.049
19331	3568.052
19332	3429.05
19333	3582.052
19334	3567.052
19335	3548.052
19336	3473.051
19337	3600.054
19338	3600.053
19339	3600.052
19340	3600.053
19341	3600.053
19342	3600.052
19343	3600.052
19344	3600.053
19345	3600.052
19346	2515.037
19347	3013.044
19348	3600.052
19349	3600.052
19350	3600.053
19351	3600.053
19352	3600.054
19353	3600.054
19354	1730.027
19355	3600.053
19356	3600.052
19357	3600.052
19358	3600.052
19359	3600.052
19360	3600.052
19361	3600.052
19362	3600.052
19363	3600.052
19364	3600.052
19365	3600.052
19366	3600.052
19367	3600.052
19368	3600.052
19369	3600.055
19370	3600.053
19371	3600.052
19372	3600.053
19373	3600.052
19374	3600.052
19375	3600.052
19376	3600.052
19377	3600.053
19378	3600.052
19379	3600.052
19380	3600.052
19381	3600.057
19382	3600.052
19383	3600.052
19384	3600.053
19385	1562.025
19386	393.0085
19387	3600.056
19388	3600.052
19389	3600.052
19390	3600.052
19391	3600.053
19392	3600.052
19393	3600.052
19394	3600.052
19395	3600.052
19396	3600.108
19397	3600.052
19398	3600.055
19399	3600.053
19400	3600.052
19401	3600.052
19402	3600.052
19403	3600.052
19404	3600.053
19405	3600.053
19406	3600.054
19407	3600.051
19408	3600.051
19409	3600.052
19410	3600.054
19411	3600.052
19412	3600.052
19413	3600.052
19414	3600.054
19415	3600.052
19416	3600.052
19417	3600.052
19418	3600.053
19419	1214.02
19420	3600.053
19421	3600.052
19422	2115.032
19423	3600.051
19424	2167.031
19425	2267.035
19428	1935.029
19429	3600.052
19430	517.0115
19436	3600.052
19437	3600.051
19438	3600.059
19439	3600.052
19440	3600.052
19441	3600.06
19442	3600.053
19443	3600.052
19444	3600.053
19445	3600.053
19481	3600.05
19482	3600.051
19483	3600.051
19484	3600.051
19485	3600.052
19486	3600.052
19487	3600.052
19488	3600.051
19489	3600.052
19490	1844.027
19491	3600.052
19492	3600.052
19493	3600.058
19494	3600.052
19495	3600.052
19496	3600.054
19502	3600.051
19503	3600.053
19504	3600.054
19505	3600.054
19506	3600.053
19507	3600.051
19508	3600.052
19509	3600.052
19510	3600.053
19511	3600.053
19512	3600.053
19513	3600.054
19514	3600.052
19515	3530.052
19613	3600.051
19614	3600.051
19615	3600.052
19616	3600.052
19617	3600.052
19618	3600.052
19619	2240.035
19620	3600.054
19621	3600.053
19622	3600.052
19623	3600.052
19624	3600.053
19625	3600.054
19626	3600.052
19627	3600.053
19628	3600.052
19629	3600.052
19630	3600.052
19631	3600.052
19632	3600.052
19633	3600.053
19634	3600.052
19635	3600.052
19636	3600.052
19637	3600.052
19638	3600.053
19639	3600.052
19640	3600.053
19641	3600.052
19642	3600.052
19643	3600.053
19644	3600.053
19645	3600.053
19646	3600.052
19647	3600.052
19648	3495.052
19649	3600.052
19650	3415.05
19651	3600.052
19652	3600.052
19653	3600.052
19654	3600.053
19655	3600.054
19656	3600.052
19657	3600.052
19658	3600.054
19659	3600.053
19660	3600.054
19661	3600.052
19662	3600.052
19663	3600.052
19664	3600.053
19665	3600.052
19666	3600.054
19667	3600.052
19668	3600.054
19669	3600.053
19670	3600.052
19671	3600.052
19672	3600.053
19673	3600.053
19674	3600.052
19675	3600.052
19676	3600.052
19677	3613.248
19678	1535.025
19696	1464.022
19697	774.608
19707	1345.024
19708	5544.503
19709	3600.052
19710	3600.052
19711	3600.052
19712	3600.052
19713	3600.105
19714	3600.052
19715	3600.052
19716	3600.052
19717	3600.052
19718	3600.052
19719	3600.052
19720	3600.053
19721	2530.039
19722	3585.28
19733	3600.052
19734	3600.052
19735	3600.053
19736	3600.052
19737	561.0106
19738	3108.046
19739	3600.052
19740	3600.052
19741	3600.052
19742	3600.052
19743	3600.052
19744	3600.052
19745	3600.053
19746	3600.053
19747	2058.031
19771	3600.052
19772	3600.053
19773	3600.053
19775	3600.053
19776	3600.053
19777	3600.062
19778	3600.053
19779	3600.052
19780	3600.053
19781	3600.052
19782	3600.054
19783	3600.053
19784	3600.052
19785	3600.052
19786	3600.052
19787	3600.053
19788	850.0146
19789	573.0105
19790	1158.019
19791	1235.02
19792	1260.02
19793	1238.02
19794	1255.024
19795	1258.02
19796	579.011
19797	1242.021
19798	1273.021
19799	1282.02
19800	1299.021
19801	814.1852
19806	3600.051
19832	3600.052
19833	3600.052
19834	3600.052
19835	3600.052
19836	3118.046
19837	3600.053
19838	3600.052
19839	3600.052
19840	3600.052
19841	3600.052
19842	3600.052
19843	3600.052
19844	3600.053
19845	3600.052
19846	3600.053
19847	3600.052
19848	3600.052
19849	3600.052
19850	3600.053
19851	3600.053
19852	3600.052
19853	3600.052
19854	3600.053
19855	3600.053
19856	3600.054
19857	3600.052
19858	3600.052
19859	3101.045
19860	3523.052
19862	3600.052
19863	3600.406
19864	3600.052
19865	3600.087
19866	3600.052
19867	3600.052
19868	3600.052
19869	3600.052
19870	3600.052
19871	3600.052
19872	3600.052
19873	3600.052
19874	3600.052
19875	3600.052
19876	3600.052
19877	3600.052
19878	3600.052
19879	3600.052
19880	3600.075
19881	3600.052
19882	3600.052
19883	3600.052
19884	3600.052
19885	3600.052
19886	3600.052
19887	3600.052
19888	3600.052
19889	3600.052
19890	3600.052
19891	2314.035
19892	2267.034
19893	3600.053
19894	3600.053
19895	3600.052
19896	3600.052
19897	3600.052
19898	3600.052
19899	3600.052
19901	3600.053
19902	3600.052
19903	3058.045
19904	3600.055
19905	3600.055
19906	3600.052
19907	3600.053
19968	3600.052
19969	3600.051
19970	3600.052
19971	3600.054
19972	3600.052
19973	3600.051
19974	3600.051
19975	3600.052
19976	3600.051
19977	1738.026
19978	2669.039
19979	3600.052
19980	3600.051
19981	3600.051
19982	3600.051
19983	3600.051
19984	3600.052
19985	3600.051
19986	3600.051
19987	3600.052
19988	3600.052
19989	3600.052
19990	3600.051
19991	3600.051
19992	3600.051
19993	3600.052
19994	3600.052
19995	3600.051
19996	3600.051
19997	3600.051
19998	3600.376
19999	1990.034
20020	3600.052
20021	3600.052
20022	3600.052
20023	3600.053
20024	3600.051
20025	3600.052
20026	331.0059
20027	2725.039
20028	3600.051
20029	3600.051
20030	3600.052
20031	3600.052
20032	3600.051
20033	3600.051
20034	3600.052
20035	3600.051
20036	3600.053
20037	3600.051
20038	3600.052
20039	3600.052
20040	1208.018
20074	3600.052
20075	3600.051
20076	3600.052
20077	3318.047
20078	3600.051
20079	3600.051
20080	3600.051
20081	3600.051
20082	3600.051
20083	3600.052
20084	3600.052
20085	3600.052
20086	3600.052
20087	3600.051
20088	3600.052
20089	1732.026
20090	1484.022
20091	3600.052
20092	3600.051
20093	3600.051
20094	3600.052
20095	3600.051
20096	3600.052
20097	3600.052
20098	3600.052
20099	3600.051
20100	3600.051
20101	3600.051
20102	3600.051
20103	3600.052
20104	3600.052
20105	3600.052
20106	3600.051
20107	3600.052
20108	3600.052
20109	3600.052
20110	3600.052
20111	3600.051
20112	3600.051
20113	3600.051
20114	3600.052
20115	3600.051
20116	3600.052
20117	3600.051
20118	3600.052
20119	3600.052
20120	3600.051
20121	3600.051
20122	388.0069
20123	1334.049
20124	2321.042
20125	2479.036
20126	2536.037
20127	2613.037
20128	2437.035
20129	2414.341
20130	1043.031
20132	3600.052
20133	3600.052
20134	1512.024
20136	3600.053
20137	3600.051
20138	3600.051
20139	3513.091
20140	3600.052
20141	3600.051
20142	3600.051
20143	3600.052
20144	3600.051
20145	3600.052
20146	3600.051
20147	3600.051
20148	3600.052
20149	3600.051
20150	3600.051
20151	3600.052
20152	3600.052
20153	3600.051
20154	3600.051
20155	3600.051
20156	3600.051
20157	3600.052
20158	3030.045
20159	3600.052
20160	3600.052
20161	3600.051
20162	3600.051
20163	3600.052
20164	3600.052
20165	3600.051
20166	3600.051
20167	3600.051
20168	3600.052
20169	3600.051
20170	3600.051
20171	3600.051
20172	3600.051
20173	3600.061
20174	3600.052
20175	3600.052
20176	3600.051
20177	3600.054
20178	3600.051
20179	3600.051
20180	3600.051
20181	3600.052
20182	3600.052
20183	3600.051
20184	3600.051
20185	3600.052
20186	3600.052
20187	3600.052
20188	3260.047
20189	1967.028
20190	3600.051
20191	3600.051
20192	3600.051
20193	3600.051
20194	3600.052
20195	3600.051
20196	3600.051
20197	3600.055
20198	3600.051
20199	2177.192
20218	3600.052
20219	3600.051
20220	3600.052
20221	3600.051
20222	3600.051
20223	3600.054
20224	3600.051
20225	3600.054
20226	3600.051
20227	3600.051
20228	3600.052
20229	3600.051
20230	3600.052
20231	3600.051
20232	3600.052
20233	3600.051
20234	3600.051
20235	3600.051
20236	3600.051
20237	3600.051
20239	1618.024
20240	3155.046
20241	3030.045
20242	3030.045
20243	494.0096
20244	3600.051
20245	3600.051
20246	3600.051
20247	3600.051
20248	3600.051
20249	3600.051
20250	3600.051
20251	3600.051
20252	3600.054
20253	3600.052
20254	3600.051
20255	3600.051
20256	3600.051
20257	3600.051
20258	3600.051
20259	3600.051
20260	3600.051
20261	3600.051
20262	3600.052
20263	3600.051
20264	3600.052
20265	3600.052
20266	3600.052
20267	3600.052
20268	3600.052
20269	3600.052
20270	3600.052
20271	297.6189
20272	1911.028
20273	3600.051
20274	3600.051
20275	3600.052
20276	3600.052
20277	3600.051
20278	3600.051
20279	3600.052
20280	3600.052
20281	3600.051
20282	3600.051
20283	3600.051
20284	3600.051
20285	3600.051
20286	922.0232
20311	3600.053
20312	3600.052
20313	3600.052
20314	4603.151
20315	3600.052
20316	2937.043
20319	3437.049
20320	3404.049
20321	3445.05
20322	3465.05
20323	3431.049
20324	3388.05
20325	3292.049
20326	3263.047
20327	3281.048
20328	3327.049
20329	3365.049
20330	3416.051
20331	3350.05
20332	3376.085
20334	3601.412
20335	3025.048
20336	3007.044
20337	3025.044
20338	3100.046
20339	3180.047
20340	3279.048
20341	3370.05
20342	414.0085
20343	3319.535
20344	3368.05
20345	3280.048
20346	2936.043
20347	2990.044
20348	3013.044
20349	3028.044
20350	2964.044
20351	2851.042
20352	2842.042
20353	2638.039
20354	2485.037
20355	2691.04
20356	2888.042
20357	2849.042
20358	2837.042
20359	2821.042
20360	2838.061
20361	2809.042
20362	2732.554
20363	2731.042
20364	2766.041
20365	2777.054
20366	2760.042
20367	2774.042
20368	2772.041
20369	2708.041
20370	2693.04
20371	2691.041
20372	2596.038
20373	2533.038
20374	2558.039
20375	2069.031
20377	3600.053
20378	3600.052
20379	2941.043
20380	239.0061
20381	3477.05
20382	3469.052
20383	3446.05
20384	3475.05
20385	3443.05
20386	3452.05
20387	3486.051
20388	3492.051
20389	3480.051
20390	3158.046
20391	3048.045
20392	2863.043
20393	2689.04
20394	2614.039
20395	2592.042
20396	2438.035
20397	2782.04
20398	2860.041
20399	2805.041
20400	2863.041
20401	3035.044
20402	3088.045
20403	3149.046
20404	3143.046
20405	3180.045
20406	3151.045
20407	3191.046
20408	3181.046
20409	3199.046
20410	3186.046
20411	3173.046
20412	3167.045
20413	3163.045
20414	3113.045
20415	2815.042
20417	2063.032
20418	3097.046
20419	3077.045
20420	3110.046
20421	3185.046
20422	3183.05
20423	3124.046
20424	3160.046
20425	3154.046
20426	3161.046
20427	3145.046
20428	3179.047
20429	3180.047
20430	3214.047
20431	3216.047
20432	3199.047
20433	2929.043
20434	2785.041
20435	2706.04
20436	2764.042
20437	2828.042
20438	3029.044
20439	3130.046
20440	3144.046
20441	3147.046
20442	3117.046
20443	3058.045
20444	3072.045
20445	391.0385
20483	1331.022
20484	1734.025
20485	2432.035
20486	1341.021
20487	1168.029
20489	3600.052
20490	780.0131
20491	1593.05
20494	3600.052
20495	3600.052
20496	3600.052
20497	3600.052
20498	3600.052
20499	3600.052
20500	3600.053
20501	3600.052
20502	3600.052
20503	3600.052
20504	3600.053
20505	3600.07
20506	3600.054
20507	3600.052
20508	3600.052
20509	3249.058
20522	3600.052
20523	3600.052
20524	3600.052
20525	3600.053
20526	2879.052
20527	316.0069
20528	3600.052
20529	3600.052
20530	3600.052
20531	3600.052
20532	3600.052
20533	3600.053
20534	3600.052
20535	3600.052
20536	2708.04
20537	3472.051
20611	1651.029
20612	1615.024
20613	1630.025
20614	1658.026
20615	1735.026
20616	1585.025
20617	1595.025
20618	1541.024
20619	1549.024
20620	1614.026
20621	1626.027
20622	1657.027
20623	1571.025
20624	1555.024
20625	1588.025
20626	1582.025
20627	1593.027
20628	772.0141
20629	281.0067
20635	181.7587
20639	181.0056
20643	189.0052
20685	3600.064
20686	1532.135
20687	1925.03
20688	3600.052
20689	3600.053
20690	3527.069
20691	332.0077
20755	2444.034
20756	1879.027
20758	3030.044
20759	3016.044
20760	3022.046
20761	2888.071
20762	2944.043
20763	2978.043
20764	2891.042
20765	2833.042
20766	2820.043
20767	2692.042
20768	2635.04
20769	2724.041
20770	2633.04
20771	2676.04
20772	2673.04
20773	2626.073
20774	2643.04
20775	2587.039
20776	2602.039
20777	2597.039
20778	2571.039
20779	2654.039
20780	2639.039
20781	2557.039
20782	2533.038
20783	2552.051
20784	2519.037
20785	2553.038
20786	2519.037
20787	2557.038
20788	2505.038
20789	2476.038
20790	2441.036
20791	2462.037
20792	2464.037
20793	2471.036
20794	2463.037
20795	1830.301
20797	2473.037
20798	2882.042
20799	2867.042
20800	2881.043
20801	2870.043
20802	2856.043
20803	2845.042
20804	2882.043
20805	2838.042
20806	2881.043
20807	2828.042
20808	2846.042
20809	2812.042
20810	2821.042
20811	2818.042
20812	2774.041
20813	2832.042
20814	2849.042
20815	2829.042
20816	2812.305
20817	2792.041
20818	2759.042
20819	2765.042
20820	2767.041
20821	2809.042
20822	2812.042
20823	2876.042
20824	2818.042
20825	2804.042
20826	2767.041
20827	2701.04
20828	2646.04
20829	2624.04
20830	2689.04
20831	2627.039
20832	2548.039
20833	2575.038
20834	2525.037
20835	2523.038
20836	2562.038
20837	2578.039
20838	2603.039
20839	351.0082
20840	1612.026
20841	2882.043
20842	2827.042
20843	2861.042
20844	1709.026
20845	2874.042
20846	2880.042
20847	2865.043
20848	2772.041
20849	2730.04
20850	2700.04
20851	2651.039
20852	2711.044
20853	2617.04
20854	2576.038
20855	2527.038
20856	2640.04
20857	2742.042
20858	2833.042
20859	2859.043
20860	2828.042
20861	2835.068
20862	2885.042
20863	2821.042
20864	2701.04
20865	2738.041
20866	2712.04
20867	2680.04
20868	2735.041
20869	2691.04
20870	2714.04
20871	2752.041
20872	2864.042
20873	2882.042
20874	2857.043
20875	2890.045
20876	2177.033
20877	1531.024
20878	1740.027
20879	2901.043
20880	2891.043
20881	2899.043
20882	2097.031
20884	1582.365
20885	2623.039
20886	2634.087
20887	2615.039
20888	2596.04
20889	2663.041
20890	2728.041
20891	2748.042
20892	2784.041
20893	2789.041
20894	2751.041
20895	2753.862
20896	2743.041
20897	2749.041
20898	2767.041
20899	2830.042
20900	2879.042
20901	2876.042
20902	2879.043
20903	2805.042
20904	2706.04
20905	2552.038
20906	2576.039
20907	2611.039
20908	2540.038
20909	2578.038
20910	1777.027
20911	2575.039
20912	2584.039
20913	2810.041
20914	2805.042
20915	2792.042
20916	2741.041
20917	2716.041
20918	2633.039
20919	2688.041
20920	2617.039
20921	2608.039
20922	2551.038
20923	2503.037
20924	2482.037
20925	2516.038
20926	2487.037
20927	1932.03
20929	1352.022
20930	2285.034
20931	2307.034
20932	2332.035
20933	2422.072
20934	2470.037
20935	2445.036
20936	2437.087
20937	2331.035
20938	2268.034
20939	2158.032
20940	2200.034
20941	2073.031
20942	2036.031
20943	2010.03
20944	2085.031
20945	2183.033
20946	2150.032
20947	2197.033
20948	2054.031
20949	2062.031
20950	2094.033
20951	2067.032
20952	2080.032
20953	2115.033
20954	1823.028
20955	813.0142
20956	791.0137
20957	328.0119
20964	1093.018
20965	1478.023
20966	2036.031
20967	2215.033
20968	2264.04
20969	2271.034
20970	2249.035
20971	2216.033
20972	2191.033
20973	2195.033
20974	2204.033
20975	2137.032
20976	2088.032
20977	2104.032
20978	2045.031
20979	2121.032
20980	2107.032
20981	2099.031
20982	1992.03
20983	1978.03
20984	2113.032
20985	2271.035
20986	2332.035
20987	2305.035
20988	2204.034
20989	2258.034
20990	2290.034
20991	2354.035
20992	2346.035
20993	2347.035
20994	2342.035
20995	2139.032
20996	2149.033
20997	2078.031
20998	2012.031
20999	2120.032
21000	2137.033
21001	2035.031
21002	1963.03
21003	1969.03
21004	1965.03
21005	1877.029
21006	2028.031
21007	2204.033
21008	2308.035
21009	2338.035
21010	2349.035
21011	2353.035
21012	2371.616
21014	1856.028
21015	2652.041
21016	2699.041
21017	2676.04
21018	2488.038
21019	2487.037
21020	2575.039
21021	2488.037
21022	2340.035
21023	2535.038
21024	2393.036
21025	2343.035
21026	2259.034
21027	2307.035
21028	2478.037
21029	2677.04
21030	2687.04
21031	2700.041
21032	2744.041
21033	2759.041
21034	2737.04
21035	2728.041
21036	2651.039
21037	2615.039
21038	2571.038
21039	2524.038
21040	2522.038
21041	2474.037
21042	2504.037
21043	2657.039
21044	2666.04
21045	2645.039
21046	2634.04
21047	2657.04
21048	2671.04
21049	2677.04
21050	2690.04
21051	2749.041
21052	2731.04
21053	2673.04
21054	2657.039
21055	2591.039
21056	2622.039
21057	2666.04
21058	1201.02
21060	2497.038
21061	2483.037
21062	2526.038
21063	2647.039
21064	2600.039
21065	2585.039
21066	2534.038
21067	2529.037
21068	2489.037
21069	2462.038
21070	2453.037
21071	2413.036
21072	2278.034
21073	2227.033
21074	2203.033
21075	2013.031
21076	2302.035
21077	2371.035
21078	2281.034
21079	2277.034
21080	2383.036
21081	2593.039
21082	2603.063
21083	2673.04
21084	2693.04
21085	2704.04
21086	2715.041
21087	2731.04
21088	2736.041
21089	2739.041
21090	2687.041
21091	2691.04
21092	2711.04
21093	2719.04
21094	2720.041
21095	2785.041
21096	2716.04
21097	2706.04
21098	2680.04
21099	2631.039
21100	2626.039
21101	2601.039
21102	2610.039
21103	2613.039
21104	1188.02
21106	2546.038
21107	2818.042
21108	2803.042
21109	2791.041
21110	2852.042
21111	2805.042
21112	2798.041
21113	2781.042
21114	2693.04
21115	2659.04
21116	2618.039
21117	2448.036
21118	2438.036
21119	2211.034
21120	2234.033
21121	2153.032
21122	2255.034
21123	2514.037
21124	2849.042
21125	2901.043
21126	2938.043
21127	2927.044
21128	2973.044
21129	2941.048
21130	2962.043
21131	2942.043
21132	2895.071
21133	2574.038
21134	1187.027
21135	987.0164
21136	351.0124
21148	2644.038
21149	2483.037
21150	343.0077
21157	2437.036
21158	1617.025
21159	1617.025
21160	1531.024
21161	1573.024
21162	2051.031
21163	1904.029
21164	2097.032
21165	1621.478
21166	186.0155
21167	1754.044
21169	3487.052
21170	3514.051
21171	3507.051
21172	3511.066
21173	3557.052
21174	3568.052
21175	3548.052
21176	3600.052
21177	3600.053
21178	3202.047
21201	243.0063
21217	301.0109
21218	3600.052
21219	3600.052
21220	3162.046
21221	3600.052
21222	3600.052
21223	3600.053
21224	3600.052
21225	3600.052
21226	3600.052
21227	3600.053
21228	3600.053
21229	1271.021
21230	3600.053
21231	3600.052
21232	3600.052
21233	3600.052
21234	3600.052
21235	2502.037
21236	2442.037
21237	3600.054
21238	3600.052
21239	3600.052
21240	3600.052
21241	803.0137
21242	2395.036
21243	3600.053
21244	3600.053
21245	3600.053
21246	3600.052
21247	3600.052
21248	3410.05
21249	3335.049
21250	3233.047
21251	3148.046
21252	3109.047
21253	3118.046
21254	3099.046
21255	3068.045
21256	3059.066
21257	3030.045
21258	3004.044
21259	2986.044
21260	2995.053
21261	2981.044
21262	2997.044
21263	2995.045
21264	2903.043
21265	2931.044
21266	2918.131
21267	2901.043
21268	2929.044
21269	2932.043
21270	2927.043
21271	2941.043
21272	2938.043
21273	2925.043
21274	2914.043
21275	2904.043
21276	2905.043
21277	2904.043
21278	2151.033
21280	879.0146
21281	699.0134
21282	661.0116
21283	662.0119
21284	661.012
21285	719.0127
21286	677.012
21287	668.0123
21288	666.0127
21289	670.0124
21290	666.0117
21291	660.0118
21292	658.0117
21293	662.0121
21294	664.0126
21295	664.0119
21296	666.0124
21297	653.0124
21298	654.0123
21299	458.0092
21300	3600.052
21301	3600.052
21302	3600.052
21303	3600.052
21304	3600.052
21305	3600.052
21306	3600.053
21307	3600.052
21308	3600.052
21309	3600.053
21310	3600.053
21311	3600.053
21312	3600.052
21313	3600.052
21314	3600.053
21315	3600.052
21316	3600.052
21317	3600.052
21318	3600.053
21319	3600.053
21320	3600.053
21321	3600.053
21322	3600.052
21323	3600.053
21324	3600.052
21325	3600.053
21326	3600.053
21327	2871.638
21328	2070.031
21329	3600.053
21330	3600.053
21331	3600.052
21332	3600.053
21333	3600.053
21334	3600.053
21335	3600.053
21336	3600.052
21337	3600.052
21338	3600.052
21339	3600.053
21340	3600.053
21341	3600.052
21342	3600.052
21343	3600.053
21344	3600.053
21345	3600.052
21346	3600.053
21347	3600.052
21348	3600.053
21349	3600.053
21350	3600.053
21351	3600.053
21352	3600.053
21353	3600.053
21354	3600.053
21355	3600.053
21356	3600.053
21357	3600.053
21358	3600.053
21359	3600.052
21360	333.0079
21361	3600.053
21362	3600.052
21363	3600.052
21364	3600.052
21365	3600.052
21366	3600.052
21367	3600.052
21368	3600.053
21369	3600.052
21370	3600.053
21371	3600.052
21372	3600.053
21373	3600.052
21374	3600.052
21375	1518.024
21376	1306.021
21377	3600.053
21378	3600.053
21379	3600.053
21380	3600.052
21381	3600.052
21382	3600.053
21383	3600.053
21384	3600.052
21385	3600.053
21386	3600.052
21387	3600.053
21388	3600.052
21389	3600.054
21390	3600.052
21391	3600.052
21392	3600.052
21393	3600.052
21394	3600.053
21395	3600.052
21396	3600.053
21397	3600.053
21398	3600.052
21399	3600.052
21400	3600.052
21401	3600.053
21402	3600.053
21403	3600.053
21404	3600.098
21405	3600.052
21406	3600.053
21407	3600.053
21408	1470.603
21409	3600.053
21410	3600.052
21411	3600.052
21412	3600.053
21413	3600.052
21414	3600.052
21415	3600.052
21416	3600.052
21417	3600.053
21418	3600.053
21419	3600.053
21420	3600.053
21421	3600.052
21422	3600.052
21423	3600.052
21424	3600.053
21425	3600.052
21426	3600.052
21427	3600.052
21428	3600.053
21429	3600.052
21430	3600.053
21431	3600.052
21432	3600.053
21433	3600.053
21434	3600.053
21435	2651.04
21452	3600.052
21453	3043.045
21469	3600.053
21470	3600.053
21471	3600.053
21472	3600.052
21473	3600.052
21474	3600.052
21475	3600.053
21476	3600.053
21477	3600.053
21478	3600.053
21479	3600.053
21480	3600.052
21481	3600.052
21482	3600.052
21483	3600.052
21484	3600.053
21485	3600.052
21486	3600.053
21487	3600.052
21488	3600.053
21489	3600.052
21490	3600.052
21491	3600.052
21492	3600.053
21493	3600.052
21494	3600.053
21495	3600.052
21496	3600.053
21497	3600.052
21498	2948.044
21499	3600.053
21500	3600.053
21501	3600.052
21502	3600.052
21503	3600.052
21504	3600.053
21505	3600.052
21506	3600.052
21507	3600.052
21508	3600.053
21509	3600.052
21510	3600.052
21511	3600.052
21512	3600.052
21513	3600.053
21514	3600.052
21515	3600.052
21516	3600.053
21517	3600.052
21518	3600.053
21519	3600.052
21520	3600.053
21521	3600.052
21522	3600.053
21523	3600.052
21524	3600.053
21525	3600.052
21526	3600.053
21527	3600.052
21528	3600.053
21529	3600.053
21530	1465.023
21531	3122.046
21532	3600.052
21533	3600.053
21534	3600.052
21535	3600.053
21536	3600.053
21537	3600.052
21538	3600.053
21539	3600.052
21540	3600.053
21541	3600.053
21542	3600.052
21543	3600.052
21544	3600.052
21545	3600.052
21546	3600.053
21547	3600.052
21548	3600.052
21549	3600.053
21550	3600.053
21551	3600.054
21552	3600.053
21553	3600.053
21554	3600.053
21555	3600.052
21556	3600.053
21557	3600.053
21558	3600.052
21559	3600.052
21560	3600.053
21561	3600.053
21562	1276.021
21563	3600.052
21564	3600.055
21565	3600.053
21566	3600.052
21567	575.011
21568	3600.052
21569	3600.051
21570	3600.052
21571	3600.051
21572	3600.052
21573	3600.052
21574	3600.052
21575	3600.052
21576	3600.052
21577	3600.052
21578	3600.052
21579	3600.053
21580	3600.052
21581	3600.053
21582	3600.052
21583	3600.052
21584	3600.053
21585	3600.054
21587	1447.024
21595	2394.035
21596	1905.029
21597	3600.052
21598	3600.054
21599	3600.052
21600	3600.061
21601	3600.053
21602	3600.053
21603	3600.052
21604	3600.052
21605	3600.053
21606	3600.052
21607	3600.052
21608	3600.053
21609	2655.04
21610	2750.041
21611	3600.052
21612	3600.053
21613	3600.053
21614	1299.021
21617	3600.053
21618	3415.064
21622	3600.062
21623	3600.052
21624	3600.052
21625	3600.052
21626	3600.052
21627	3600.052
21628	2930.043
21630	1325.021
21631	1021.017
21632	1054.017
21633	953.0163
21634	889.0151
21635	877.0147
21636	911.0153
21637	897.0154
21638	864.0146
21639	854.0154
21640	882.015
21641	868.0148
21642	863.2212
21643	845.0143
21644	851.0147
21645	862.015
21646	842.0142
21647	826.014
21648	835.0143
21649	829.0142
21650	828.0143
21651	812.0138
21652	823.0151
21653	802.0138
21654	792.0134
21655	797.0144
21656	784.0135
21657	777.0139
21658	789.0135
21659	795.0136
21660	782.0576
21661	776.0132
21662	779.0148
21663	812.0137
21664	785.0134
21665	766.014
21666	765.0132
21667	800.0139
21668	792.0134
21669	757.014
21670	766.0133
21671	725.0128
21672	691.0125
21673	737.0139
21674	661.012
21691	3600.052
21692	2415.106
21694	420.0088
21695	3600.051
21696	3600.051
21697	3600.051
21698	3600.051
21699	3600.051
21700	3600.051
21701	3600.051
21702	3600.052
21703	3600.052
21704	3600.052
21705	3416.049
21747	3600.052
21748	3600.052
21749	3600.054
21750	3600.053
21751	3600.053
21752	3600.053
21753	3600.052
21754	3600.052
21755	3600.052
21756	3600.052
21757	3600.052
21758	3600.053
21759	3600.059
21760	3600.052
21761	3600.052
21762	3600.054
21763	3600.053
21764	3600.052
21765	2875.043
21766	3600.053
21767	3600.053
21768	1864.029
21769	311.007
21770	359.0078
21771	204.0066
21772	206.2315
21773	206.3308
21774	213.0064
21775	209.0061
21776	222.0057
21778	265.0065
21779	460.0094
21780	613.0121
21781	3600.052
21782	3600.058
21783	3600.052
21784	3600.069
21785	3600.053
21786	2502.038
21787	3600.053
21788	3600.052
21789	3600.052
21790	3600.053
21791	3600.052
21792	3600.053
21793	3600.053
21794	3600.052
21795	3600.053
21796	3600.052
21797	3600.053
21798	3600.052
21799	3600.053
21800	3385.05
21833	3600.052
21834	3600.052
21835	3600.052
21836	3600.055
21837	3600.052
21839	3600.055
21840	3600.052
21841	3600.052
21842	3600.052
21843	3600.052
21844	3600.053
21845	3600.053
21846	1806.028
21847	3600.052
21848	3600.053
21849	3600.052
21850	2468.038
21851	3600.052
21852	3600.053
21853	1134.103
21856	3600.053
21857	3600.052
21862	3600.052
21863	3600.053
21864	3600.052
21865	3600.056
21866	3600.053
21867	3600.052
21868	3600.052
21869	3600.053
21870	3600.053
21871	3600.053
21872	3600.052
21873	3600.07
21874	3600.053
21875	3600.054
21876	3600.052
21877	3600.053
21878	3600.053
21879	1106.019
21891	3600.052
21892	3595.053
21893	683.0901
21894	3600.05
21895	3600.052
21896	3600.052
21897	3600.052
21898	3600.054
21899	3600.053
21900	3600.053
21901	3600.054
21902	3600.052
21903	3600.053
21904	3600.052
21905	3600.052
21906	3600.053
21907	3600.053
21908	297.088
21921	3600.052
21922	3600.052
21923	1800.029
21924	3600.053
21925	3600.053
21926	3600.052
21927	3600.052
21928	3600.052
21929	3600.053
21930	3600.054
21931	3600.053
21932	3600.052
21933	3600.052
21934	3600.053
21935	3600.052
21936	3600.052
21937	3048.052
21940	1798.028
21953	3600.051
21954	3600.052
21955	3600.052
21956	3600.052
21957	3600.052
21958	3600.052
21959	3600.053
21960	3600.054
21961	3600.052
21962	3600.052
21963	3600.053
21964	3600.052
21965	3600.053
21966	3600.053
21967	3600.052
21968	2594.039
22001	3600.054
22002	3600.052
22003	3600.051
22004	3600.051
22005	3600.051
22006	3600.052
22007	3600.051
22008	3600.052
22009	3600.052
22010	3600.051
22011	3600.052
22012	3600.052
22013	3600.052
22014	3600.051
22015	3600.051
22016	3600.052
22017	3600.052
22018	3600.051
22019	3600.051
22020	3600.052
22021	3600.052
22022	3600.051
22023	3600.051
22024	3600.052
22025	3600.051
22026	3600.178
22027	3600.052
22028	3600.053
22029	1225.146
22030	3600.052
22031	3600.052
22032	3600.052
22033	3600.052
22034	3600.052
22035	3600.051
22036	3600.052
22037	3600.053
22038	3600.052
22039	3600.053
22040	3600.052
22041	3600.052
22042	3600.053
22043	3600.053
22044	3600.052
22045	3600.053
22046	3600.052
22047	3600.052
22048	3600.052
22049	3600.053
22050	3600.055
22051	3600.054
22052	3600.053
22053	3600.054
22054	3600.053
22055	3600.055
22056	3600.053
22057	3600.053
22058	3600.053
22059	3600.053
22060	3243.048
22061	3600.053
22062	3600.052
22063	3600.053
22064	3600.052
22065	3600.052
22066	3600.053
22067	3600.052
22068	3600.052
22069	3600.065
22070	3600.064
22071	3600.447
22072	3600.052
22073	3600.051
22074	3600.051
22075	3600.052
22076	3600.052
22077	3600.054
22078	3600.052
22079	3600.052
22080	3600.053
22081	3600.053
22082	3600.053
22083	3600.053
22084	3600.052
22085	3600.053
22086	3600.053
22087	3600.052
22088	3600.053
22089	3600.052
22090	3600.053
22091	3600.052
22092	3600.053
22093	3600.053
22094	3600.052
22095	1466.03
22097	2043.03
22098	3600.053
22099	3600.053
22100	2315.034
22102	3600.052
22103	3107.052
22104	3598.062
22105	3600.052
22106	3600.052
22107	3600.052
22108	3600.052
22109	3600.053
22110	3600.052
22111	3600.052
22112	3600.057
22113	3600.052
22114	3600.052
22115	3600.053
22116	3600.053
22117	3600.054
22118	3600.053
22119	608.2158
22120	3600.237
22121	3600.052
22122	3600.054
22127	3600.052
22128	3600.052
22129	3600.052
22130	3590.053
22131	3600.054
22132	3600.055
22133	3600.052
22134	3600.052
22135	3600.053
22136	3600.053
22137	3600.053
22138	3600.054
22139	3600.053
22140	3600.052
22141	3600.059
22142	3571.476
22147	3600.05
22148	3600.053
22149	3600.052
22150	3600.052
22151	3600.052
22152	3600.052
22153	3600.052
22154	4211.911
22155	3600.054
22156	3600.054
22157	3600.052
22158	3600.053
22159	3600.053
22160	3600.053
22161	3600.053
22162	1397.038
22163	1216.02
22164	3600.052
22165	3600.052
22166	3600.053
22167	3600.052
22168	3600.053
22169	3600.052
22170	3600.054
22171	2579.039
22173	3600.053
22174	3390.05
22175	2725.041
22176	1240.02
22180	3495.049
22181	3600.052
22182	3600.052
22183	3600.053
22184	3600.053
22185	3600.052
22186	3600.053
22187	3600.053
22188	3600.053
22189	3600.053
22190	3600.052
22191	3600.053
22192	3600.052
22193	3600.053
22194	3600.052
22195	3600.052
22196	3600.052
22197	457.0089
22198	1604.026
22199	1324.021
22200	3600.053
22201	3600.053
22202	3600.052
22203	832.0146
22204	3600.053
22205	3600.052
22206	3600.052
22207	3600.053
22208	3600.053
22209	3600.052
22210	3600.053
22211	3600.052
22212	3600.053
22213	3600.053
22214	3600.053
22215	3600.053
22216	3600.053
22217	969.0166
22218	3600.055
22219	3600.052
22220	3600.052
22221	3600.052
22222	3600.052
22223	3600.052
22224	3600.053
22225	3600.052
22226	3600.052
22227	3600.052
22228	3600.052
22229	3600.052
22230	3600.053
22231	1159.019
22232	2021.031
22233	3600.192
22234	3600.053
22235	3600.053
22236	3600.054
22237	3600.052
22238	3600.052
22239	3600.053
22240	3600.052
22241	3600.053
22242	3600.054
22243	3600.053
22244	3600.053
22245	3600.053
22246	3600.053
22247	3600.053
22248	3600.052
22249	3600.089
22250	630.0877
22266	1499.023
22267	3600.052
22268	3600.052
22269	1864.029
22270	3600.053
22271	3600.053
22272	3600.053
22273	3600.053
22274	3600.053
22275	3600.053
22276	3600.053
22277	3600.053
22278	3600.053
22279	3600.053
22280	2507.038
22304	1158.018
22316	3600.804
22317	3600.798
22318	3600.786
22319	3600.774
22320	3600.79
22321	3600.793
22322	3600.787
22323	3600.788
22324	3600.789
22325	3600.789
22326	3600.79
22327	3600.79
22328	3600.789
22329	3600.79
22330	3600.792
22331	3600.789
22332	3600.81
22333	2083.879
22340	3600.795
22341	3600.792
22342	3600.794
22343	3600.788
22344	3600.789
22345	3600.791
22346	3600.79
22347	3600.791
22348	3600.791
22349	3600.791
22350	3600.791
22351	3600.791
22352	3600.791
22353	3600.791
22354	3600.788
22355	3600.793
22356	1371.919
22369	3600.795
22370	3600.791
22371	3600.793
22372	3600.79
22373	191.9903
22374	3600.791
22375	3600.789
22376	3600.79
22377	3600.789
22378	3600.79
22379	3600.79
22380	3600.79
22381	3600.791
22382	3600.79
22383	3600.791
22384	3600.79
22385	3600.793
22386	3600.79
22387	3600.794
22388	3600.791
22389	3600.791
22390	3600.788
22391	3600.794
22392	3600.791
22400	3600.788
22401	3600.788
22402	3600.79
22403	3600.79
22404	3600.79
22405	3600.79
22406	1253.928
22407	3600.791
22408	3600.79
22409	3600.788
22410	3600.789
22411	3600.789
22412	3600.79
22413	3600.79
22414	3600.79
22415	3600.791
22416	3600.79
22417	3600.79
22418	3600.79
22419	3600.796
22420	3600.79
22421	3600.79
22422	3600.79
22423	3600.79
22424	3600.79
22425	3600.789
22426	3600.789
22427	3600.791
22428	2317.865
22430	3600.79
22431	3600.79
22432	3600.79
22433	3600.791
22434	3600.79
22435	3600.79
22436	3600.79
22437	3600.79
22438	3600.789
22439	3600.789
22440	3600.79
22441	3600.789
22442	3600.79
22443	3600.79
22444	1145.936
22445	3600.79
22446	3600.79
22447	3600.789
22448	3600.79
22449	3600.79
22450	3600.79
22451	3600.79
22452	3600.789
22453	3600.79
22454	3600.79
22455	3600.79
22456	3600.79
22457	3600.79
22458	3600.79
22459	3602.028
22460	3600.791
22461	804.9542
22462	2447.858
22463	3600.789
22464	3600.79
22465	3600.79
22466	3600.79
22467	3600.79
22468	3600.79
22469	3600.79
22470	3600.79
22471	3600.79
22472	3600.79
22473	3600.79
22474	3600.79
22475	3600.79
22476	3600.79
22477	3600.79
22478	3600.79
22479	3600.79
22480	2154.875
22481	3600.79
22482	3600.79
22483	3600.79
22484	3600.79
22485	3600.79
22486	3600.791
22487	3600.79
22488	2316.86
22490	3600.793
22491	3600.799
22492	3600.795
22493	2628.848
22494	1125.936
22495	3600.792
22496	3600.792
22497	3600.791
22498	3600.791
22499	3600.792
22500	3600.792
22501	3600.792
22502	3600.792
22503	3600.792
22504	3600.792
22505	3600.792
22506	3600.791
22507	3600.791
22508	3600.792
22509	3600.792
22510	3600.792
22511	3600.792
22512	405.9821
22636	507.002
22637	2649.85
22638	3600.793
22639	3600.793
22640	3600.792
22641	3600.792
22642	3600.791
22643	3600.788
22644	3600.791
22645	3371.804
22646	3483.797
22647	3600.793
22648	3600.792
22649	3600.792
22650	1085.936
22652	3600.792
22653	3600.792
22655	3600.792
22656	3600.793
22657	3600.793
22658	3600.793
22659	3600.792
22660	3600.792
22661	3600.792
22662	3600.792
22663	3600.792
22664	3600.788
22665	3600.788
22666	3529.798
22667	1755.9
22668	3187.816
22669	3600.792
22670	3600.792
22673	3600.785
22674	2990.894
22678	3600.795
22679	3600.793
22680	3158.816
22681	3600.793
22682	3600.793
22683	3600.789
22684	3600.791
22685	3600.794
22686	3600.794
22687	3600.793
22688	3600.793
22689	3600.792
22690	3600.793
22691	3600.793
22692	3600.792
22693	3600.792
22694	3600.791
22695	3600.792
22696	3600.792
22697	3600.792
22698	3600.792
22699	3600.792
22700	3600.792
22701	3600.792
22702	3600.792
22703	3600.791
22704	3600.792
22705	3600.792
22706	3600.792
22707	3600.792
22708	3600.792
22709	3600.792
22710	2907.832
22711	341.9815
22712	3600.792
22713	3600.792
22714	3600.793
22715	3600.792
22716	3600.792
22717	3600.792
22718	3600.792
22719	3600.791
22720	3600.792
22721	3600.792
22722	3600.792
22723	3600.792
22724	3600.792
22725	3600.792
22726	3600.792
22727	3600.792
22728	3600.792
22729	3600.795
22730	3600.792
22731	3600.792
22732	3600.792
22733	3600.792
22734	3600.792
22735	3600.792
22736	3600.792
22737	3600.792
22738	2737.843
22739	2732.843
22740	3600.792
22741	3600.791
22742	3524.796
22744	3600.792
22745	3600.793
22746	3600.792
22747	3600.792
22748	3600.792
22749	3600.797
22750	1819.894
22753	3600.803
22754	3600.8
22755	3600.792
22760	3600.799
22761	3600.799
22762	3600.795
22763	3600.791
22765	3600.793
22766	3600.794
22767	3600.793
22768	3600.793
22769	3600.791
22770	3600.791
22771	3600.786
22772	3600.786
22773	3600.79
22774	3600.791
22775	3600.791
22776	3600.844
22777	2139.37
22814	3600.798
22815	2502.859
22817	2333.866
22818	3600.795
22819	3600.795
22820	3600.792
22821	3600.785
22822	3600.786
22823	3600.791
22824	3388.804
22825	1645.909
22826	3600.791
22827	3600.788
22828	3600.79
22829	3600.791
22830	3600.79
22831	3600.79
22832	3600.79
22833	3132.816
22834	1367.92
22838	531.9709
22840	1911.892
22853	2399.865
22867	3343.811
22876	3600.797
22877	3600.799
22878	3600.796
22879	3600.795
22880	3600.789
22881	3600.787
22882	3600.793
22883	3600.792
22884	3600.791
22885	3600.792
22886	3600.792
22887	3600.792
22888	3600.793
22889	3600.792
22890	3600.791
22891	3600.791
22892	3600.791
22893	3600.791
22894	3600.791
22895	3600.791
22896	3600.79
22897	2882.833
22898	1820.896
22899	3600.791
22900	1180.932
22901	3600.791
22902	1857.891
22903	3600.789
22904	3600.791
22905	3600.791
22906	3600.792
22907	3600.792
22908	3600.792
22909	3600.792
22910	3600.791
22911	3600.791
22912	3600.791
22913	3600.791
22914	3600.791
22915	3600.791
22916	3600.791
22917	3600.791
22918	3600.792
22919	3601.936
22920	3600.789
22921	3600.791
22922	3600.791
22923	3600.792
22924	3600.791
22925	3600.792
22926	3600.791
22927	3600.79
22928	3600.791
22929	3600.791
22930	3600.791
22931	3600.791
22932	463.9746
22933	2299.867
22934	3600.791
22935	3600.791
22936	3600.791
22937	3600.791
22938	3600.791
22939	1677.903
22940	3600.791
22941	3600.791
22942	3600.791
22943	3600.791
22944	3600.791
22945	3600.792
22946	326.9824
22952	800.9561
22954	411.3956
22959	3600.807
22960	3600.795
22961	3600.794
22962	3600.792
22963	3600.792
22964	3600.792
22965	3600.791
22966	3600.791
22967	3600.819
22968	3600.791
22969	3600.791
22970	3600.791
22971	3600.791
22972	3600.789
22973	3600.79
22974	3600.791
22975	3600.791
22976	3600.79
22977	977.3477
22978	3600.791
22979	3600.79
22980	3600.785
22981	3600.795
22982	3002.825
22984	3600.796
22985	3600.796
22986	3600.788
22993	3600.791
22994	3600.793
22995	3600.792
22996	3600.792
22997	3600.792
23085	2173.876
23086	3600.794
23087	3600.794
23088	3600.794
23089	3600.794
23090	3600.793
23091	3600.794
23092	3600.793
23093	3600.793
23094	3600.793
23095	3600.792
23096	3600.792
23097	3145.817
23098	3600.79
23099	3600.792
23100	3600.792
23101	1525.913
23111	3600.8
23112	3600.793
23113	3600.793
23114	3600.793
23115	3600.792
23116	3600.792
23117	3600.793
23118	3600.792
23119	3600.792
23120	3600.792
23121	3600.793
23122	3600.793
23123	3600.793
23124	2717.844
23125	3600.793
23126	3600.793
23127	3600.792
23128	3600.792
23129	3382.805
23130	3600.792
23131	3600.793
23132	3600.792
23133	3600.793
23134	3600.793
23135	3600.793
23136	3600.793
23137	3600.793
23138	3600.826
23139	3600.793
23140	3600.793
23141	3600.793
23142	3600.793
23143	3600.792
23144	3600.793
23145	3600.793
23146	3600.793
23147	3600.793
23148	3600.793
23149	3600.793
23150	3600.792
23151	3600.793
23152	3600.793
23153	3600.793
23154	3600.792
23155	3600.792
23156	3600.792
23157	3600.792
23158	3600.791
23159	3600.791
23160	2965.827
23161	752.957
23162	3600.789
23163	3600.792
23164	3600.791
23165	3600.792
23166	3600.792
23167	3600.792
23168	3600.79
23169	3600.791
23170	3600.792
23171	3600.791
23172	3600.791
23173	3600.82
23174	3600.814
23175	1478.916
23211	3600.8
23212	1897.893
23218	3600.795
23219	3600.795
23220	3600.794
23221	3600.793
23222	3600.793
23223	3600.793
23224	3600.792
23225	3600.792
23226	1723.902
23227	3600.791
23228	3600.79
23229	3600.788
23230	3600.788
23231	3600.791
23232	2299.867
23246	3600.797
23247	3600.8
23248	3600.794
23249	3600.793
23250	3600.793
23251	3600.793
23252	3600.793
23253	3600.793
23254	3600.793
23255	3600.793
23256	3600.792
23257	3600.791
23258	3600.791
23259	3600.79
23260	3600.788
23262	696.9614
23282	3600.796
23283	3600.797
23284	3601.146
23285	3600.794
23286	3600.793
23287	3600.793
23288	3600.792
23289	2186.875
23290	3600.79
23291	3600.788
23292	3600.791
23293	3600.792
23294	3600.79
23295	3600.791
23296	3600.792
23297	3600.792
23298	3600.791
23299	576.9678
23300	1298.926
23301	3600.791
23302	3600.793
23303	3600.795
23304	3600.795
23305	3600.792
23306	978.0221
23308	3600.794
23309	3600.795
23310	3600.794
23311	3600.794
23312	3600.794
23313	3600.793
23314	3600.793
23315	3600.793
23316	3600.793
23317	3600.792
23318	3600.792
23319	3600.79
23320	3600.79
23321	3600.791
23322	3600.792
23323	3600.792
23324	3600.792
23325	3600.792
23326	3600.79
23327	3600.793
23328	3600.794
23329	3600.794
23330	3600.792
23331	900.9492
23332	1115.936
23333	761.9572
23334	1007.944
23338	2991.827
23339	2853.836
23340	3600.792
23341	3600.792
23342	3600.792
23343	3600.792
23344	3600.792
23345	3600.792
23346	3497.798
23347	3600.792
23348	3600.792
23349	3600.792
23350	3600.806
23351	3600.792
23352	3600.792
23353	3600.792
23354	3600.792
23355	3600.792
23356	3600.792
23357	3600.792
23358	3600.791
23359	3600.791
23360	3600.791
23361	3600.791
23362	3600.791
23363	3600.79
23364	3600.79
23365	3600.791
23366	3600.791
23367	3600.788
23368	3600.792
23369	3600.792
23370	3600.792
23372	3600.792
23373	3600.792
23374	3600.792
23375	3600.792
23376	3600.792
23377	3600.792
23378	3600.792
23379	3600.792
23380	3600.792
23381	3600.792
23382	3428.802
23383	3600.792
23384	3600.792
23385	3600.792
23386	3600.792
23387	3600.792
23388	3600.792
23389	3600.792
23390	3600.792
23391	3600.791
23392	3600.792
23393	3600.792
23394	3600.791
23395	3600.792
23396	3600.792
23397	3600.792
23398	3600.791
23399	3600.804
23400	3600.791
23401	3600.792
23402	3600.792
23403	1617.18
23404	3600.792
23405	3600.792
23406	3600.792
23407	3600.792
23408	3600.799
23409	3600.798
23410	3600.792
23411	3600.792
23412	3600.792
23413	3600.791
23414	3600.792
23415	3600.792
23416	3600.792
23417	3600.791
23418	3600.792
23419	3600.792
23420	3600.792
23421	3600.792
23422	3600.792
23423	3600.792
23424	3600.792
23425	3600.792
23426	3600.792
23427	3600.792
23428	3600.792
23429	3600.791
23430	3600.792
23431	3600.792
23432	3600.792
23433	3600.792
23440	3600.798
23441	3600.8
23442	3600.796
23443	3600.794
23444	3600.795
23445	3600.793
23446	3600.794
23447	3600.793
23448	3600.793
23449	3600.793
23450	3600.793
23451	3600.793
23452	3600.793
23453	3600.793
23454	3600.793
23455	3600.793
23456	3600.793
23457	3600.792
23458	2362.938
23461	3600.793
23462	2632.85
23469	3600.795
23470	3600.798
23471	3600.797
23472	3600.796
23473	3056.827
23474	3600.794
23475	3600.793
23476	3600.794
23477	3600.793
23478	3600.793
23479	3600.793
23480	1278.928
23511	3600.794
23512	635.4485
23513	1809.897
23520	3600.795
23521	3544.797
23525	3600.795
23526	3600.795
23527	3600.795
23528	3600.794
23529	3600.793
23530	3600.793
23531	3600.793
23532	3600.793
23533	3600.793
23534	3600.793
23535	3600.793
23536	3600.792
23537	3596.792
23538	3600.792
23539	3600.792
23540	3600.789
23541	3600.788
23542	762.957
23548	3397.849
23551	3600.793
23552	3600.796
23553	3600.795
23554	3600.795
23555	3600.794
23556	3600.794
23557	3600.794
23558	3600.794
23559	3600.794
23560	3600.794
23561	3600.793
23562	3600.794
23563	3600.793
23564	3600.794
23565	3600.794
23566	3600.794
23567	3600.794
23568	3600.794
23569	3600.794
23570	3600.794
23571	2426.862
23572	3600.793
23573	3486.8
23574	3600.794
23575	3600.794
23576	3600.794
23577	3600.794
23578	3600.794
23579	3600.794
23580	3600.794
23581	3600.794
23582	3600.794
23583	3600.794
23584	3600.794
23585	3600.794
23586	3600.794
23587	3600.793
23588	3600.793
23589	3600.794
23590	3600.794
23591	3600.794
23592	3600.794
23593	3600.794
23594	3600.793
23595	3600.794
23596	3600.794
23597	3600.794
23598	3600.794
23599	3600.794
23600	3600.794
23601	3600.794
23602	3600.794
23603	3600.794
23604	3600.794
23605	3600.794
23606	3600.794
23607	3600.794
23608	3600.794
23609	3600.794
23610	3600.794
23611	3600.794
23612	3600.794
23613	3600.794
23614	3600.794
23615	3600.794
23616	3600.794
23617	3600.794
23618	3600.794
23619	3600.795
23620	3600.794
23621	3600.794
23622	3600.793
23623	3600.792
23624	3600.795
23625	3600.794
23626	3600.794
23627	3600.794
23628	3600.794
23629	3600.794
23630	3600.794
23631	3600.794
23632	3600.794
23633	3600.794
23634	3600.794
23635	1269.932
23636	3600.793
23637	3600.794
23638	3600.794
23639	3600.794
23640	3600.794
23641	3600.794
23642	238.9873
23645	3600.806
23646	3600.795
23647	3600.794
23648	3600.795
23649	3600.794
23650	3600.794
23651	3600.795
23652	3600.794
23653	3600.794
23654	3600.794
23655	3600.793
23656	3600.793
23657	3600.793
23658	3600.793
23659	3600.793
23660	3600.792
23661	3600.79
23662	3600.79
23663	3600.792
23664	3600.792
23665	3600.794
23666	3600.794
23667	3600.791
23668	1771.9
23675	3600.797
23676	3600.797
23677	3600.794
23678	3600.794
23679	3600.793
23680	3600.793
23681	3600.793
23682	3600.793
23683	3600.808
23684	3600.792
23685	3600.792
23686	3600.791
23687	3600.791
23688	3600.792
23689	3600.793
23690	3600.81
23704	2678.876
23705	238.9999
23706	280.9856
23707	196.9906
23708	199.9901
23709	196.9903
23710	196.9902
23711	197.9902
23712	194.9903
23713	179.9909
23714	184.9909
23715	181.9912
23718	184.9912
23719	190.9907
23721	180.3744
23725	3600.798
23726	3600.795
23727	3600.794
23728	3600.794
23729	3600.794
23730	3600.791
23731	3600.789
23732	3600.791
23733	3600.792
23734	3600.792
23735	3600.793
23736	3600.793
23737	3600.793
23738	3600.792
23739	3600.792
23740	3600.792
23741	3600.793
23742	3600.792
23743	3600.792
23744	3600.793
23745	3600.793
23746	3600.793
23747	3600.792
23748	3600.793
23749	3600.793
23750	3600.793
23751	3601.14
23752	3600.793
23753	3600.792
23754	3600.793
23755	3600.793
23756	3600.792
23757	3600.792
23758	3600.793
23759	3600.793
23760	3600.792
23761	3600.792
23762	3600.792
23763	3600.792
23764	3600.792
23765	3600.792
23766	3600.792
23767	3600.792
23768	3600.792
23769	3600.792
23770	3600.792
23771	3600.792
23772	3600.792
23773	3600.792
23774	3600.792
23775	3600.792
23776	3600.792
23777	3600.793
23778	3600.793
23779	3600.792
23780	3600.793
23781	3600.792
23782	3600.793
23783	3600.793
23784	3600.793
23785	732.959
23786	3039.825
23787	3600.792
23788	3600.793
23789	3600.793
23790	3600.793
23791	3600.793
23792	3600.793
23793	3600.793
23794	3600.793
23795	3600.793
23796	3600.793
23797	3600.793
23798	3600.793
23799	3600.792
23800	3600.793
23801	3600.793
23802	3600.793
23803	3600.793
23804	3600.793
23805	3600.793
23806	3600.792
23807	3600.792
23808	3600.792
23809	3600.793
23810	3600.792
23811	3600.793
23812	3600.793
23813	3600.793
23814	3600.793
23815	1687.904
23816	3600.793
23817	3600.793
23818	1273.928
23819	3600.793
23820	3600.793
23821	3600.793
23822	3600.793
23823	3600.793
23824	3600.792
23825	3600.793
23826	3600.793
23827	3600.793
23828	3600.793
23829	3600.793
23830	3600.793
23831	3600.793
23832	3600.792
23833	3600.793
23834	3600.793
23835	3600.793
23836	3600.793
23837	3600.793
23838	3600.792
23839	3600.791
23840	3600.792
23841	3600.791
23842	3600.794
23843	3600.793
23844	3600.792
23845	3600.794
23846	3600.794
23847	3600.795
23848	3600.794
23849	3115.822
23851	3600.793
23852	3600.794
23853	3600.794
23854	3600.794
23855	3600.793
23856	3600.793
23857	3600.793
23858	3600.794
23859	3600.794
23860	3600.793
23861	3600.796
23862	3600.792
23863	3600.794
23864	3600.794
23865	3600.794
23866	3600.793
23867	2801.839
23869	3600.796
23870	3600.798
23871	3600.797
23872	3600.798
23873	3600.796
23874	3600.795
23875	3600.795
23876	3600.806
23877	3600.794
23878	3600.794
23879	3600.795
23880	3600.794
23881	1588.91
23939	3600.798
23940	566.9683
23942	3600.799
23943	3600.795
23944	3600.796
23945	3600.793
23946	3600.794
23947	3600.794
23948	3600.794
23949	3600.795
23950	3600.795
23951	3600.794
23952	3600.795
23953	3600.794
23954	3600.794
23955	3600.794
23956	3600.795
23957	3600.794
23958	3338.809
