#                      HG                              LG
#ID pos   FWHM thr_neg  thr_pos  dead%    FWHM thr_neg  thr_pos  dead%  dead_OR% Detector     Pulser counts
  1 112   0.52    1.16    1.52    0.32    0.25    0.55    0.38    0.21     0.04   C1P1D2    17725   17744   17775   17782 1 0
  2 113   0.49    0.75    1.25    0.02    0.26    0.49    0.67    0.08     0.01   C1P1D3    17779   17768   17781   17782 1 0
  3 114   0.50    0.86    1.64    0.22    0.25    0.46    0.54    0.07     0.00   C1P1D4    17742   17770   17782   17782 0 0
  4 121   0.81    1.75    3.53    0.84    0.32    0.67    0.99    0.44     0.24   C1P2D1    17632   17702   17739   17781 0 0
  5 122   0.51    0.83    1.63    2.43    0.26    0.59    0.59    0.01     0.00   C1P2D2    17350   17781   17782   17782 1 0
  6 123   0.55    1.05    1.15    0.03    0.26    0.54    0.46    0.25     0.01   C1P2D3    17777   17738   17780   17782 0 0
  8 131   0.75    1.63    2.01    0.01    0.29    0.69    0.97    0.02     0.01   C1P3D1    17780   17778   17780   17782 0 0
  9 132   0.52    0.91    1.81    0.01    0.24    0.42    0.80    0.02     0.00   C1P3D2    17780   17779   17782   17782 0 0
 10 133   0.53    1.13    1.37    0.01    0.25    0.47    0.77    0.02     0.01   C1P3D3    17781   17779   17781   17782 2 0
 11 134   0.52    1.05    1.41    1.72    0.27    0.46    0.76    0.01     0.01   C1P3D4    17477   17780   17781   17782 0 0
 12 141   0.78    1.02    1.98    0.89    0.30    0.52    0.72    2.59     0.69   C1P4D1    17623   17320   17658   17781 0 0
 13 142   0.69    1.04    2.16    0.11    0.29    0.32    0.94    0.00     0.00   C1P4D2    17761   17781   17781   17781 0 0
 14 143   0.58    0.66    1.22    0.20    0.26    0.27    0.63    0.10     0.03   C1P4D3    17746   17764   17776   17781 0 0
 15 144   0.76    1.63    1.93    0.08    0.31    0.64    0.88    0.01     0.00   C1P4D4    17766   17780   17781   17781 0 0
 16 145   0.94    1.58    2.42    0.13    0.00    0.80    1.08   -9.99    -9.99   C1P4D5    17758       0   17758   17781 6 0
 18 152   0.59    1.33    1.21    0.02    0.26    0.55    0.57    0.02     0.00   C1P5D2    17777   17778   17781   17781 0 0
 19 153   0.58    1.04    1.28    0.00    0.34    0.59    0.53    0.13     0.00   C1P5D3    17781   17758   17781   17781 1 0
 21 161   0.60    1.18    1.46   72.71    0.25    0.57    0.91   72.73    72.68   C1P6D1     4852    4848    4857   17781 2 0
 23 163   0.57    0.89    1.35   72.68    0.26    0.30    0.66   72.70    72.68   C1P6D3     4857    4854    4857   17781 0 0
 24 164   0.53    1.07    1.03    0.01    0.25    0.52    0.52    0.01     0.00   C1P6D4    17780   17780   17781   17781 0 0
 25 171   0.66    1.44    2.12    0.01    0.28    0.72    1.09    0.01     0.00   C1P7D1    17779   17780   17781   17781 0 0
 26 172   0.52    0.94    1.18    0.13    0.25    0.66    0.53    0.10     0.02   C1P7D2    17758   17763   17777   17781 0 0
 27 173   0.52    0.73    1.19   37.23    0.26    0.91    0.83    0.01     0.01   C1P7D3    11161   17780   17780   17781 0 0
 28 174   0.53    1.17    1.48    0.06    0.26    0.83    1.07    0.01     0.00   C1P7D4    17771   17779   17781   17781 0 0
 29 211   0.69    1.55    1.53    0.19    0.28    0.59    0.41    0.09     0.02   C2P1D1    17748   17766   17778   17782 0 0
 30 212   0.65    0.87    1.63    0.13    0.54    0.68    0.50    0.03     0.01   C2P1D2    17759   17777   17781   17782 0 0
 31 213   0.52    0.72    1.16    0.04    0.29    0.65    0.87    0.01    -9.99   C2P1D3     8447    8450    8469   17782 18659 -999
 32 214   0.52    0.74    1.00    0.42    0.27    0.65    0.46    0.14     0.01   C2P1D4    17708   17757   17781   17782 0 0
 33 221   0.60    1.09    1.49    0.57    0.27    0.52    0.55    0.05     0.02   C2P2D1    17680   17773   17778   17782 0 0
 34 222   0.75    1.70    2.20    0.01    0.31    1.27    1.67    0.01     0.00   C2P2D2    17780   17781   17782   17782 0 0
 35 223   0.87    1.22    2.44    0.02    0.35    0.88    1.15    0.02    -9.99   C2P2D3     8448    8447    8466   17782 18662 -999
 38 231   0.50    0.90    1.09   72.87    0.26    1.04    1.21   72.69    72.69   C2P3D1     4825    4856    4857   17782 0 0
 39 232   0.50    0.94    1.52    0.02    0.25    0.61    0.87    0.00     0.00   C2P3D2    17778   17782   17782   17782 0 0
 41 241   0.61    0.91    1.33    0.07   15.73    0.54    0.72    0.06     0.02   C2P4D1    17769   17771   17778   17782 0 0
 42 242   0.00    1.52    1.82   -9.99    0.00    0.78    0.78   -9.99    -9.99   C2P4D2        0       0       0   17782 0 0
 44 244   0.74    1.20    1.88    0.02    0.29    0.66    0.83    0.01     0.01   C2P4D4    17779   17781   17781   17782 0 0
 46 251   0.76    1.06    1.52    0.82    0.34    0.43    0.87    0.01     0.00   C2P5D1    17636   17780   17781   17781 0 0
 48 253   0.53    0.53    1.29    1.09    0.25    0.49    0.57    4.08     0.88   C2P5D3    17587   17055   17625   17781 0 0
 49 254   0.62    1.27    0.89    0.73    0.27    0.53    0.49    0.00     0.00   C2P5D4    17651   17781   17781   17781 0 0
 50 261   0.61    1.16    1.50    0.01    0.29    0.35    0.71    0.02     0.01   C2P6D1    17780   17778   17780   17781 2 0
 51 262   0.60    0.50    0.50   13.31    0.28    0.23    0.29   11.64    10.70   C2P6D2    15415   15712   15879   17781 2 0
 56 273   0.53    1.55    1.98    0.11    0.26    0.60    0.55    0.02     0.01   C2P7D3    17763   17779   17781   17782 2 0
 57 274   0.63    1.20    1.53    0.02    0.31    0.47    0.77    0.07     0.00   C2P7D4    17779   17770   17782   17782 0 0
